350.000000 0.660238
355.000000 0.630133
360.360513 0.607281
365.360513 0.595549
372.072414 0.595041
377.072414 0.606010
382.072414 0.626199
387.072414 0.654755
392.072414 0.690438
397.072414 0.731641
402.072414 0.776443
408.999802 0.840394
413.999802 0.884766
418.999802 0.924986
423.999802 0.958825
428.999802 0.984294
433.999802 0.999760
442.491770 1.000000
447.491770 0.984009
452.491770 0.956254
457.491770 0.917505
462.491770 0.868996
467.491770 0.812329
472.491770 0.749371
477.491770 0.682136
482.491770 0.612658
487.491770 0.542890
492.491770 0.474601
497.491770 0.409308
502.491770 0.348225
507.491770 0.292244
512.491770 0.241933
517.491770 0.197561
522.491770 0.159130
527.491770 0.126428
532.491770 0.099076
537.491770 0.076581
542.491770 0.058384
547.491770 0.043902
552.491770 0.032561
557.491770 0.023818
562.491770 0.017185
567.491770 0.012228
572.491770 0.008582
577.491770 0.005941
582.491770 0.004056
587.491770 0.002731
592.491770 0.001814
597.491770 0.001188
602.491770 0.000767
607.491770 0.000489
612.491770 0.000307
617.491770 0.000190
622.491770 0.000116
627.491770 0.000070
632.491770 0.000042
637.491770 0.000024
642.491770 0.000014
647.491770 0.000008
652.491770 0.000005
657.491770 0.000003
662.491770 0.000001

