353.812120 1.000000
355.941706 0.978655
360.941706 0.934114
365.941706 0.897171
370.941706 0.867270
375.941706 0.843553
380.941706 0.824910
385.941706 0.810041
390.941706 0.797521
395.941706 0.785885
400.941706 0.773706
405.941706 0.759672
410.941706 0.742664
417.179627 0.715991
419.348930 0.705108
424.348930 0.676686
429.348930 0.643624
434.348930 0.606204
439.348930 0.564985
444.348930 0.520752
449.348930 0.474449
454.348930 0.427107
459.348930 0.379780
464.348930 0.333470
469.348930 0.289078
474.348930 0.247359
479.348930 0.208896
484.348930 0.174089
489.348930 0.143154
494.348930 0.116143
499.348930 0.092963
504.348930 0.073406
509.348930 0.057178
514.348930 0.043934
519.348930 0.033298
524.348930 0.024892
529.348930 0.018355
534.348930 0.013349
539.348930 0.009576
544.348930 0.006775
549.348930 0.004728
554.348930 0.003254
559.348930 0.002209
564.348930 0.001479
569.348930 0.000976
574.348930 0.000636
579.348930 0.000408
584.348930 0.000259
589.348930 0.000162
594.348930 0.000100
599.348930 0.000060
604.348930 0.000036
609.348930 0.000021
614.348930 0.000012
619.348930 0.000007
624.348930 0.000004

