350.000000 0.180369
356.016471 0.177440
361.016471 0.178640
366.016471 0.183985
371.728023 0.196151
376.728023 0.212903
381.728023 0.235981
386.728023 0.265830
391.728023 0.302687
397.554415 0.354433
402.554415 0.405988
407.554415 0.463401
412.554415 0.525593
417.554415 0.591131
422.554415 0.658259
427.554415 0.724955
432.554415 0.789013
437.554415 0.848148
442.554415 0.900120
447.554415 0.942857
452.554415 0.974582
457.554415 0.993926
462.644021 1.000000
467.644021 0.992268
472.644021 0.971214
477.644021 0.937649
482.644021 0.892876
487.644021 0.838604
492.644021 0.776837
497.644021 0.709749
502.644021 0.639553
507.644021 0.568383
512.644021 0.498192
517.644021 0.430665
522.644021 0.367173
527.644021 0.308735
532.644021 0.256027
537.644021 0.209396
542.644021 0.168902
547.644021 0.134364
552.644021 0.105417
557.644021 0.081568
562.644021 0.062246
567.644021 0.046847
572.644021 0.034773
577.644021 0.025455
582.644021 0.018377
587.644021 0.013085
592.644021 0.009189
597.644021 0.006364
602.644021 0.004346
607.644021 0.002928
612.644021 0.001945
617.644021 0.001274
622.644021 0.000823
627.644021 0.000525
632.644021 0.000330
637.644021 0.000204
642.644021 0.000125
647.644021 0.000075
652.644021 0.000045
657.644021 0.000026
662.644021 0.000015
667.644021 0.000009
672.644021 0.000005
677.644021 0.000003
682.644021 0.000001
687.644021 0.000001
692.644021 0.000000

