350.000000 0.627553
355.000000 0.645912
362.893576 0.690266
367.893576 0.726448
372.893576 0.767092
377.893576 0.810300
382.893576 0.853924
387.893576 0.895672
392.893576 0.933225
397.893576 0.964366
402.893576 0.987117
407.893576 0.999853
414.113146 1.000000
419.113146 0.986804
424.113146 0.961762
429.113146 0.925479
434.113146 0.879058
439.113146 0.824014
447.013471 0.723973
452.013471 0.655512
457.013471 0.585509
462.013471 0.515887
467.013471 0.448357
472.013471 0.384349
477.013471 0.324975
482.013471 0.271010
487.013471 0.222908
492.013471 0.180828
497.013471 0.144677
502.013471 0.114163
507.013471 0.088846
512.013471 0.068193
517.013471 0.051621
522.013471 0.038539
527.013471 0.028376
532.013471 0.020606
537.013471 0.014757
542.013471 0.010423
547.013471 0.007261
552.013471 0.004988
557.013471 0.003380
562.013471 0.002258
567.013471 0.001488
572.013471 0.000967
577.013471 0.000620
582.013471 0.000392
587.013471 0.000244
592.013471 0.000150
597.013471 0.000091
602.013471 0.000055
607.013471 0.000032
612.013471 0.000019
617.013471 0.000011
622.013471 0.000006
627.013471 0.000003
632.013471 0.000002
637.013471 0.000001
642.013471 0.000001
647.013471 0.000000
652.013471 0.000000
657.013471 0.000000
662.013471 0.000000
667.013471 0.000000

