350.000000 0.259613
355.000000 0.249257
360.000000 0.248215
369.080114 0.271217
374.080114 0.297655
379.080114 0.333512
384.080114 0.378149
389.080114 0.430613
394.080114 0.489628
400.392555 0.570980
405.392555 0.638472
410.392555 0.706291
418.799230 0.814516
423.799230 0.871491
428.799230 0.920158
433.799230 0.958529
438.799230 0.984990
446.273362 1.000000
451.273362 0.992955
456.273362 0.972434
461.273362 0.939256
466.273362 0.894738
471.273362 0.840606
476.273362 0.778884
481.273362 0.711761
486.273362 0.641471
491.273362 0.570164
496.273362 0.499808
501.273362 0.432101
506.273362 0.368424
511.273362 0.309806
516.273362 0.256928
521.273362 0.210142
526.273362 0.169509
531.273362 0.134851
536.273362 0.105802
541.273362 0.081868
546.273362 0.062476
551.273362 0.047021
556.273362 0.034902
561.273362 0.025549
566.273362 0.018446
571.273362 0.013134
576.273362 0.009223
581.273362 0.006387
586.273362 0.004363
591.273362 0.002939
596.273362 0.001952
601.273362 0.001279
606.273362 0.000827
611.273362 0.000527
616.273362 0.000331
621.273362 0.000205
626.273362 0.000125
631.273362 0.000076
636.273362 0.000045
641.273362 0.000026
646.273362 0.000015
651.273362 0.000009
656.273362 0.000005
661.273362 0.000003
666.273362 0.000001

