347.089801 0.490836
352.089801 0.523094
357.556753 0.568009
362.556753 0.616439
367.556753 0.670022
372.556753 0.726571
382.536609 0.838428
387.536609 0.888794
392.536609 0.932055
402.167046 0.987648
409.708626 1.000000
414.708626 0.991714
419.708626 0.970370
424.708626 0.936689
429.708626 0.891911
434.708626 0.837700
439.708626 0.776029
444.708626 0.709048
449.708626 0.638960
454.708626 0.567891
459.708626 0.497790
464.708626 0.430341
469.708626 0.366914
474.708626 0.308531
479.708626 0.255867
484.708626 0.209272
489.708626 0.168806
494.708626 0.134291
499.708626 0.105362
504.708626 0.081527
509.708626 0.062216
514.708626 0.046825
519.708626 0.034756
524.708626 0.025443
529.708626 0.018369
534.708626 0.013079
539.708626 0.009184
544.708626 0.006361
549.708626 0.004345
554.708626 0.002927
559.708626 0.001944
564.708626 0.001274
569.708626 0.000823
574.708626 0.000525
579.708626 0.000330
584.708626 0.000204
589.708626 0.000125
594.708626 0.000075
599.708626 0.000045
604.708626 0.000026
609.708626 0.000015

