350.000000 0.272891
355.000000 0.242009
360.461832 0.216302
365.461832 0.200723
370.461832 0.193195
375.461832 0.194036
380.461832 0.203460
385.461832 0.221564
390.461832 0.248313
395.461832 0.283508
400.461832 0.326755
406.871414 0.392929
412.366208 0.457863
417.366208 0.522027
422.366208 0.589380
427.366208 0.658048
432.366208 0.725935
437.366208 0.790803
442.366208 0.850363
447.366208 0.902397
452.366208 0.944876
457.366208 0.976080
467.113114 1.000000
472.113114 0.992279
477.113114 0.971196
482.113114 0.937580
487.113114 0.892749
492.113114 0.838422
497.113114 0.776610
502.113114 0.709489
507.113114 0.639274
512.113114 0.568100
517.113114 0.497914
522.113114 0.430403
527.113114 0.366932
532.113114 0.308520
537.113114 0.255839
542.113114 0.209236
547.113114 0.168768
552.113114 0.134254
557.113114 0.105329
562.113114 0.081499
567.113114 0.062192
572.113114 0.046806
577.113114 0.034741
582.113114 0.025432
587.113114 0.018361
592.113114 0.013073
597.113114 0.009180
602.113114 0.006358
607.113114 0.004342
612.113114 0.002925
617.113114 0.001943
622.113114 0.001273
627.113114 0.000823
632.113114 0.000524
637.113114 0.000330
642.113114 0.000204
647.113114 0.000125
652.113114 0.000075
657.113114 0.000045
662.113114 0.000026
667.113114 0.000015
672.113114 0.000009
677.113114 0.000005
682.113114 0.000003
687.113114 0.000001
692.113114 0.000001
697.113114 0.000000

