350.000000 0.710946
359.736969 0.781150
364.736969 0.821662
369.736969 0.862524
379.599001 0.935707
384.599001 0.964901
389.599001 0.986283
394.599001 0.998349
399.599001 1.000000
404.627490 0.990512
409.627490 0.969851
414.627490 0.938349
421.825417 0.875703
426.825417 0.821991
431.825417 0.761792
436.825417 0.696944
441.825417 0.629355
446.825417 0.560898
451.825417 0.493312
456.825417 0.428129
461.825417 0.366618
466.825417 0.309751
471.825417 0.258196
476.825417 0.212327
481.825417 0.172251
486.825417 0.137850
491.825417 0.108824
496.825417 0.084743
501.825417 0.065093
506.825417 0.049319
511.825417 0.036858
516.825417 0.027169
521.825417 0.019753
526.825417 0.014165
531.825417 0.010019
536.825417 0.006989
541.825417 0.004809
546.825417 0.003263
551.825417 0.002184
556.825417 0.001442
561.825417 0.000939
566.825417 0.000603
571.825417 0.000382
576.825417 0.000238
581.825417 0.000147
586.825417 0.000089
591.825417 0.000053
596.825417 0.000032
601.825417 0.000018
606.825417 0.000011
611.825417 0.000006
616.825417 0.000003
621.825417 0.000002
626.825417 0.000001
631.825417 0.000001

