0.000000 0.003095
60.011222 0.004575
108.020200 0.006728
146.427383 0.009836
149.427383 0.010169
152.427383 0.010519
155.427383 0.010889
158.427383 0.011279
161.427383 0.011691
164.427383 0.012127
167.427383 0.012588
170.427383 0.013077
173.427383 0.013596
176.427383 0.014147
179.427383 0.014734
182.427383 0.015359
185.427383 0.016026
188.427383 0.016738
191.427383 0.017500
194.427383 0.018317
197.427383 0.019195
200.427383 0.020138
203.427383 0.021154
206.427383 0.022250
209.427383 0.023436
212.427383 0.024720
215.427383 0.026115
218.427383 0.027632
221.427383 0.029286
224.427383 0.031095
227.427383 0.033075
230.427383 0.035250
233.427383 0.037645
236.427383 0.040287
239.427383 0.043210
242.427383 0.046452
245.427383 0.050056
248.427383 0.054070
251.427383 0.058552
254.427383 0.063563
257.427383 0.069172
260.427383 0.075453
263.427383 0.082483
266.427383 0.090334
269.427383 0.099070
272.427383 0.108727
275.427383 0.119301
278.427383 0.130715
281.427383 0.142792
285.056112 0.157835
288.056112 0.170069
291.056112 0.181456
294.966578 0.193882
300.097266 0.204027
300.805153 0.204796
303.805154 0.206373
306.805154 0.205515
309.805154 0.202807
312.805154 0.198960
315.805154 0.194657
318.805154 0.190428
321.805154 0.186588
324.805154 0.183221
327.805154 0.180207
330.805154 0.177280
336.320334 0.171017
339.320334 0.166621
342.320334 0.161334
345.320334 0.155164
349.327516 0.145754
352.327516 0.138091
355.327516 0.130163
358.327516 0.122212
361.327516 0.114458
365.050570 0.105375
368.050570 0.098645
371.050570 0.092525
374.050570 0.087053
377.050570 0.082238
380.050570 0.078071
383.050570 0.074531
386.050570 0.071591
389.050570 0.069223
392.050570 0.067402
395.050570 0.066107
398.050570 0.065321
401.050570 0.065038
405.397380 0.065517
408.397380 0.066476
411.397380 0.067969
414.397380 0.070026
417.397380 0.072684
420.397380 0.075989
423.397380 0.079995
426.397380 0.084758
429.397380 0.090336
432.397380 0.096783
435.397380 0.104130
438.397380 0.112378
443.945175 0.129741
446.945175 0.139909
449.945175 0.150156
452.945175 0.159919
455.945175 0.168497
458.945175 0.175117
464.587600 0.179941
467.587600 0.177813
470.587600 0.172562
473.587600 0.164714
476.587600 0.154990
479.587600 0.144156
482.587600 0.132898
485.587600 0.121752
488.587600 0.111091
491.587600 0.101140
494.587600 0.092011
497.587600 0.083737
500.587600 0.076295
503.587600 0.069635
506.587600 0.063692
509.587600 0.058395
512.587600 0.053673
515.587600 0.049461
518.587600 0.045698
521.587600 0.042329
524.587600 0.039308
527.587600 0.036591
530.587600 0.034142
533.587600 0.031928
536.587600 0.029923
539.587600 0.028102
542.587600 0.026443
545.587600 0.024930
548.587600 0.023544
551.587600 0.022274
554.587600 0.021106
557.587600 0.020030
560.587600 0.019037
563.587600 0.018118
566.587600 0.017267
569.587600 0.016476
572.587600 0.015740
575.587600 0.015055
578.587600 0.014415
581.587600 0.013817
584.587600 0.013257
587.587600 0.012732
590.587600 0.012238
593.587600 0.011774
596.587600 0.011338
599.587600 0.010926
602.587600 0.010537
605.587600 0.010170
608.587600 0.009822
611.587600 0.009493
614.587600 0.009181
647.587600 0.006595

