0.000000 0.003749
53.811222 0.005528
96.860200 0.008106
131.299383 0.011815
134.299383 0.012258
137.299383 0.012727
140.299383 0.013224
143.299383 0.013753
146.299383 0.014314
149.299383 0.014911
152.299383 0.015548
155.299383 0.016228
158.299383 0.016954
161.299383 0.017732
164.299383 0.018566
167.299383 0.019462
170.299383 0.020425
173.299383 0.021464
176.299383 0.022585
179.299383 0.023798
182.299383 0.025114
185.299383 0.026543
188.299383 0.028098
191.299383 0.029795
194.299383 0.031652
197.299383 0.033687
200.299383 0.035923
203.299383 0.038386
206.299383 0.041106
209.299383 0.044118
212.299383 0.047460
215.299383 0.051178
218.299383 0.055322
221.299383 0.059951
224.299383 0.065128
227.299383 0.070925
230.299383 0.077416
233.299383 0.084677
236.299383 0.092780
239.299383 0.101781
242.299383 0.111708
245.299383 0.122537
248.299383 0.134168
254.056112 0.157835
257.056112 0.170069
260.056112 0.181456
263.966578 0.193882
269.097266 0.204027
269.805153 0.204796
272.805154 0.206373
275.805154 0.205515
278.805154 0.202807
281.805154 0.198960
284.805154 0.194657
287.805154 0.190428
290.805154 0.186588
293.805154 0.183221
296.805154 0.180207
299.805154 0.177280
305.320334 0.171017
308.320334 0.166621
311.320334 0.161334
314.320334 0.155164
318.327516 0.145754
321.327516 0.138091
324.327516 0.130163
327.327516 0.122212
330.327516 0.114458
334.050570 0.105375
337.050570 0.098645
340.050570 0.092525
343.050570 0.087053
346.050570 0.082238
349.050570 0.078071
352.050570 0.074531
355.050570 0.071591
358.050570 0.069223
361.050570 0.067402
364.050570 0.066107
367.050570 0.065321
370.050570 0.065038
374.397380 0.065517
377.397380 0.066476
380.397380 0.067969
383.397380 0.070026
386.397380 0.072684
389.397380 0.075989
392.397380 0.079995
395.397380 0.084758
398.397380 0.090336
401.397380 0.096783
404.397380 0.104130
407.397380 0.112378
412.945175 0.129741
415.945175 0.139909
418.945175 0.150156
421.945175 0.159919
424.945175 0.168497
427.945175 0.175117
433.587600 0.179941
436.587600 0.177813
439.587600 0.172562
442.587600 0.164714
445.587600 0.154990
448.587600 0.144156
451.587600 0.132898
454.587600 0.121752
457.587600 0.111091
460.587600 0.101140
463.587600 0.092011
466.587600 0.083737
469.587600 0.076295
472.587600 0.069635
475.587600 0.063692
478.587600 0.058395
481.587600 0.053673
484.587600 0.049461
487.587600 0.045698
490.587600 0.042329
493.587600 0.039308
496.587600 0.036591
499.587600 0.034142
502.587600 0.031928
505.587600 0.029923
508.587600 0.028102
511.587600 0.026443
514.587600 0.024930
517.587600 0.023544
520.587600 0.022274
523.587600 0.021106
526.587600 0.020030
529.587600 0.019037
532.587600 0.018118
535.587600 0.017267
538.587600 0.016476
541.587600 0.015740
544.587600 0.015055
547.587600 0.014415
550.587600 0.013817
553.587600 0.013257
556.587600 0.012732
559.587600 0.012238
562.587600 0.011774
565.587600 0.011338
568.587600 0.010926
571.587600 0.010537
574.587600 0.010170
577.587600 0.009822
580.587600 0.009493
583.587600 0.009181
616.587600 0.006595

