350.000000 0.680598
355.000000 0.643211
360.000000 0.617492
365.000000 0.604047
374.397380 0.611977
379.397380 0.632677
384.397380 0.663198
389.397380 0.701710
394.397380 0.745989
399.397380 0.793508
404.397380 0.841554
412.945175 0.917012
417.945175 0.952874
422.945175 0.979813
427.945175 0.996053
433.587600 1.000000
438.587600 0.990081
443.587600 0.967582
448.587600 0.933140
453.587600 0.887917
458.587600 0.833511
463.587600 0.771838
468.587600 0.705001
473.587600 0.635159
478.587600 0.564405
483.587600 0.494658
488.587600 0.427580
493.587600 0.364522
498.587600 0.306493
503.587600 0.254158
508.587600 0.207861
513.587600 0.167658
518.587600 0.133371
523.587600 0.104635
528.587600 0.080962
533.587600 0.061782
538.587600 0.046497
543.587600 0.034511
548.587600 0.025263
553.587600 0.018239
558.587600 0.012986
563.587600 0.009119
568.587600 0.006315
573.587600 0.004313
578.587600 0.002905
583.587600 0.001930
588.587600 0.001265
593.587600 0.000817
598.587600 0.000521
603.587600 0.000327
608.587600 0.000203
613.587600 0.000124
618.587600 0.000075
623.587600 0.000044
628.587600 0.000026
633.587600 0.000015
638.587600 0.000009
643.587600 0.000005
648.587600 0.000003

