350.000000 0.952793
355.000000 0.958018
363.779384 0.975332
368.779384 0.986227
373.779384 0.995143
378.779384 1.000000
383.779384 0.998954
392.457144 0.978959
397.457144 0.955489
402.457144 0.922954
407.457144 0.881695
412.457144 0.832519
420.095876 0.744918
425.095876 0.681716
430.095876 0.615896
435.095876 0.549205
440.095876 0.483300
445.095876 0.419662
450.095876 0.359535
455.095876 0.303882
460.095876 0.253375
465.095876 0.208399
470.095876 0.169077
475.095876 0.135305
480.095876 0.106800
485.095876 0.083148
490.095876 0.063848
495.095876 0.048355
500.095876 0.036120
505.095876 0.026610
510.095876 0.019335
515.095876 0.013855
520.095876 0.009793
525.095876 0.006826
530.095876 0.004693
535.095876 0.003182
540.095876 0.002127
545.095876 0.001403
550.095876 0.000913
555.095876 0.000585
560.095876 0.000370
565.095876 0.000231
570.095876 0.000142
575.095876 0.000086
580.095876 0.000052
585.095876 0.000030
590.095876 0.000018
595.095876 0.000010
600.095876 0.000006
605.095876 0.000003
610.095876 0.000002
615.095876 0.000001
620.095876 0.000001
625.095876 0.000000
630.095876 0.000000

