0.000000 0.006988
56.637732 0.010745
101.947918 0.016463
138.196067 0.025092
141.196067 0.026094
144.196067 0.027157
147.196067 0.028285
150.196067 0.029485
153.196067 0.030761
156.196067 0.032122
159.196067 0.033574
162.196067 0.035126
165.196067 0.036787
168.196067 0.038566
171.196067 0.040476
174.196067 0.042529
177.196067 0.044739
180.196067 0.047123
183.196067 0.049699
186.196067 0.052487
189.196067 0.055510
192.196067 0.058795
195.196067 0.062372
198.196067 0.066274
201.196067 0.070542
204.196067 0.075218
207.196067 0.080355
210.196067 0.086011
213.196067 0.092253
216.196067 0.099159
219.196067 0.106819
222.196067 0.115334
225.196067 0.124823
228.196067 0.135420
231.196067 0.147279
234.196067 0.160574
237.196067 0.175497
240.196067 0.192258
243.196067 0.211080
246.196067 0.232188
249.196067 0.255789
252.196067 0.282044
255.196067 0.311021
258.196067 0.342634
261.196067 0.376560
264.196067 0.412149
268.188661 0.460205
271.188661 0.494788
274.188661 0.525849
278.161140 0.557837
280.645941 0.570696
285.702163 0.576563
288.702163 0.567055
291.702163 0.549154
294.702163 0.524763
297.702163 0.496072
300.702163 0.465156
303.702163 0.433691
306.702163 0.402839
309.702163 0.373273
314.914147 0.325709
317.914147 0.300569
320.914147 0.277021
324.131385 0.253516
327.131385 0.233240
330.131385 0.214568
334.500883 0.190245
337.500883 0.175474
340.500883 0.162201
343.500883 0.150338
346.500883 0.139787
349.500883 0.130443
352.500883 0.122205
355.500883 0.114976
358.500883 0.108673
361.500883 0.103219
364.500883 0.098551
367.500883 0.094618
370.500883 0.091378
373.500883 0.088799
376.500883 0.086857
381.078843 0.085081
384.078843 0.084672
387.078843 0.084837
390.078843 0.085540
393.078843 0.086723
396.078843 0.088290
399.078843 0.090097
402.078843 0.091943
405.078843 0.093573
408.078843 0.094697
413.228439 0.094667
415.453374 0.093689
418.453374 0.091398
421.453374 0.088084
424.453374 0.083953
427.453374 0.079270
430.453374 0.074303
433.453374 0.069286
436.453374 0.064398
439.453374 0.059757
442.453374 0.055433
445.453374 0.051454
448.453374 0.047825
451.453374 0.044533
454.453374 0.041555
457.453374 0.038864
460.453374 0.036432
463.453374 0.034232
466.453374 0.032239
469.453374 0.030428
472.453374 0.028781
475.453374 0.027277
478.453374 0.025901
481.453374 0.024638
484.453374 0.023477
487.453374 0.022406
490.453374 0.021416
493.453374 0.020498
496.453374 0.019646
499.453374 0.018852
502.453374 0.018111
505.453374 0.017418
508.453374 0.016770
511.453374 0.016161
514.453374 0.015588
517.453374 0.015049
520.453374 0.014541
523.453374 0.014060
526.453374 0.013606
529.453374 0.013175
532.453374 0.012767
535.453374 0.012379
538.453374 0.012011
541.453374 0.011660
544.453374 0.011325
547.453374 0.011006
550.453374 0.010702
553.453374 0.010411
556.453374 0.010132
559.453374 0.009866
562.453374 0.009610
565.453374 0.009366
598.453374 0.007220

0.000000 0.000000
415.453374 0.000000
415.453374 0.041300
415.453374 0.000000
413.228439 0.000000
413.228439 0.020601
413.228439 0.000000
381.078843 0.000000
381.078843 0.000014
381.078843 0.000000
334.500883 0.000000
334.500883 0.000227
334.500883 0.000000
324.131385 0.000000
324.131385 0.003097
324.131385 0.000000
314.914147 0.000000
314.914147 0.052037
314.914147 0.000000
285.702163 0.000000
285.702163 0.381948
285.702163 0.000000
280.645941 0.000000
280.645941 0.001698
280.645941 0.000000
278.161140 0.000000
278.161140 0.170584
278.161140 0.000000
268.188661 0.000000
268.188661 0.001870
268.188661 0.000000
623.180000 0.000000

