350.000000 1.000000
355.000000 0.871776
360.000000 0.759853
365.000000 0.664401
370.000000 0.584876
375.000000 0.520145
381.078843 0.459078
386.078843 0.421104
391.078843 0.392008
396.078843 0.369742
401.078843 0.352360
406.078843 0.338102
413.228439 0.320198
415.453374 0.314743
420.453374 0.302058
425.453374 0.288287
430.453374 0.273064
435.453374 0.256278
440.453374 0.238033
445.453374 0.218598
450.453374 0.198354
455.453374 0.177750
460.453374 0.157251
465.453374 0.137300
470.453374 0.118294
475.453374 0.100556
480.453374 0.084325
485.453374 0.069756
490.453374 0.056918
495.453374 0.045810
500.453374 0.036365
505.453374 0.028472
510.453374 0.021986
515.453374 0.016745
520.453374 0.012578
525.453374 0.009318
530.453374 0.006808
535.453374 0.004906
540.453374 0.003487
545.453374 0.002444
550.453374 0.001689
555.453374 0.001152
560.453374 0.000774
565.453374 0.000514
570.453374 0.000336
575.453374 0.000217
580.453374 0.000138
585.453374 0.000086
590.453374 0.000054
595.453374 0.000033
600.453374 0.000020
605.453374 0.000012
610.453374 0.000007
615.453374 0.000004
620.453374 0.000002

