350.000000 1.000000
353.500000 0.838579
357.000000 0.711042
360.500000 0.614393
364.000000 0.545475
367.500000 0.501068
371.000000 0.477954
374.500000 0.472945
381.078843 0.501572
384.578843 0.531322
388.078843 0.567280
391.578843 0.606550
395.078843 0.646366
398.578843 0.684144
402.078843 0.717546
405.578843 0.744552
409.078843 0.763526
413.228439 0.773998
415.453374 0.773849
418.953374 0.765285
422.453374 0.746725
425.953374 0.718800
429.453374 0.682533
432.953374 0.639264
436.453374 0.590555
439.953374 0.538085
443.453374 0.483554
446.953374 0.428585
450.453374 0.374648
453.953374 0.322999
457.453374 0.274643
460.953374 0.230317
464.453374 0.190490
467.953374 0.155383
471.453374 0.125004
474.953374 0.099182
478.453374 0.077611
481.953374 0.059897
485.453374 0.045591
488.953374 0.034224
492.453374 0.025338
495.953374 0.018501
499.453374 0.013323
502.953374 0.009463
506.453374 0.006628
509.953374 0.004579
513.453374 0.003120
516.953374 0.002096
520.453374 0.001389
523.953374 0.000908
527.453374 0.000585
530.953374 0.000372
534.453374 0.000233
537.953374 0.000144
541.453374 0.000088
544.953374 0.000053
548.453374 0.000031
551.953374 0.000018
555.453374 0.000011
558.953374 0.000006
562.453374 0.000003
565.953374 0.000002
569.453374 0.000001
572.953374 0.000001
576.453374 0.000000
579.953374 0.000000
583.453374 0.000000
586.953374 0.000000
590.453374 0.000000

