350.000000 1.000000
355.000000 0.873067
360.000000 0.760740
365.000000 0.661913
374.846472 0.501803
381.618376 0.413971
386.618376 0.358662
391.618376 0.310232
396.618376 0.267732
401.618376 0.230357
406.618376 0.197434
414.925884 0.151143
419.925884 0.127663
424.925884 0.107070
429.925884 0.089093
434.925884 0.073499
439.925884 0.060073
444.925884 0.048616
449.925884 0.038936
454.925884 0.030846
459.925884 0.024161
464.925884 0.018706
469.925884 0.014310
474.925884 0.010814
479.925884 0.008070
484.925884 0.005947
489.925884 0.004326
494.925884 0.003107
499.925884 0.002202
504.925884 0.001540
509.925884 0.001063
514.925884 0.000724
519.925884 0.000486
524.925884 0.000322
529.925884 0.000211
534.925884 0.000136
539.925884 0.000087
544.925884 0.000054
549.925884 0.000034
554.925884 0.000021
559.925884 0.000012
564.925884 0.000007
569.925884 0.000004
574.925884 0.000002
579.925884 0.000001
584.925884 0.000001
589.925884 0.000000
594.925884 0.000000
599.925884 0.000000
604.925884 0.000000
609.925884 0.000000
614.925884 0.000000
619.925884 0.000000

