0.000000 0.000000
5.000000 0.000000
10.000000 0.000000
15.000000 0.000000
20.000000 0.000000
25.000000 0.000000
30.000000 0.000000
35.000000 0.000001
40.000000 0.000001
45.000000 0.000002
50.000000 0.000003
55.000000 0.000005
60.000000 0.000009
65.000000 0.000015
70.000000 0.000025
75.000000 0.000042
80.000000 0.000067
85.000000 0.000108
90.000000 0.000170
95.000000 0.000265
100.000000 0.000406
105.000000 0.000615
110.000000 0.000918
115.000000 0.001353
120.000000 0.001966
125.000000 0.002819
130.000000 0.003986
135.000000 0.005561
140.000000 0.007653
145.000000 0.010390
150.000000 0.013915
155.000000 0.018387
160.000000 0.023970
165.000000 0.030831
170.000000 0.039127
175.000000 0.048999
180.000000 0.060552
185.000000 0.073851
190.000000 0.088904
195.000000 0.105654
200.000000 0.123977
205.000000 0.143678
210.000000 0.164500
215.000000 0.186140
220.000000 0.208269
225.000000 0.230559
230.000000 0.252719
235.000000 0.274530
240.000000 0.295877
248.124287 0.329687
252.935422 0.349529
258.627265 0.373438
265.229589 0.402835
272.928860 0.441374
277.928860 0.469990
282.928860 0.502130
292.709324 0.576456
298.593156 0.628378
303.593156 0.676024
308.593156 0.725870
313.593156 0.776561
318.593156 0.826432
323.593156 0.873593
328.593156 0.916041
333.593156 0.951788
338.593156 0.978991
343.593156 0.996088
351.359382 1.000000
356.359382 0.987106
361.359382 0.962204
366.359382 0.925956
371.359382 0.879505
376.359382 0.824399
381.359382 0.762480
386.359382 0.695771
391.359382 0.626348
396.359382 0.556223
401.359382 0.487241
406.359382 0.421002
411.359382 0.358803
416.359382 0.301614
421.359382 0.250071
426.359382 0.204496
431.359382 0.164935
436.359382 0.131204
441.359382 0.102941
446.359382 0.079660
451.359382 0.060800
460.352365 0.036127
465.352365 0.026534
470.352365 0.019223
475.352365 0.013739
480.352365 0.009688
485.352365 0.006740
490.352365 0.004628
495.352365 0.003137
500.352365 0.002099
505.352365 0.001387
510.352365 0.000906
515.352365 0.000586
520.352365 0.000374
525.352365 0.000237
530.352365 0.000149
535.352365 0.000093
540.352365 0.000058
545.352365 0.000036
550.352365 0.000023
555.352365 0.000014
560.352365 0.000009
565.352365 0.000006
570.352365 0.000004
575.352365 0.000002
580.352365 0.000002
585.352365 0.000001
590.352365 0.000001
595.352365 0.000000
600.352365 0.000000
605.352365 0.000000
610.352365 0.000000
615.352365 0.000000
620.352365 0.000000
625.352365 0.000000
630.352365 0.000000
635.352365 0.000000
640.352365 0.000000
645.352365 0.000000
650.352365 0.000000
655.352365 0.000000
660.352365 0.000000
665.352365 0.000000
670.352365 0.000000
675.352365 0.000000
680.352365 0.000000
685.352365 0.000000
690.352365 0.000000

