340.000000 1.092330
343.000000 1.141727
346.000000 1.177375
351.359382 1.202403
354.359382 1.193637
357.359382 1.168743
360.359382 1.128698
363.359382 1.075077
366.359382 1.009945
369.359382 0.935724
372.359382 0.855040
375.359382 0.770569
378.359382 0.684890
381.359382 0.600363
384.359382 0.519026
387.359382 0.442533
390.359382 0.372120
393.359382 0.308605
396.359382 0.252408
399.359382 0.203603
402.359382 0.161975
405.359382 0.127085
408.359382 0.098340
411.359382 0.075050
414.359382 0.056490
417.359382 0.041937
420.359382 0.030707
423.359382 0.022179
426.359382 0.015803
429.359382 0.011111
432.359382 0.007710
435.359382 0.005283
438.359382 0.003578
441.359382 0.002398
444.359382 0.001593
447.359382 0.001054
450.359382 0.000697
453.359382 0.000464
456.359382 0.000315
460.352365 0.000197
463.352365 0.000145
466.352365 0.000113
469.352365 0.000092
472.352365 0.000077
475.352365 0.000067
478.352365 0.000059
481.352365 0.000052
484.352365 0.000046
487.352365 0.000040
490.352365 0.000035
493.352365 0.000030
496.352365 0.000026
499.352365 0.000022
502.352365 0.000018
505.352365 0.000015
508.352365 0.000012
511.352365 0.000009
514.352365 0.000007
517.352365 0.000006
520.352365 0.000004
523.352365 0.000003
526.352365 0.000002
529.352365 0.000002
532.352365 0.000001
535.352365 0.000001
538.352365 0.000001
541.352365 0.000000
544.352365 0.000000
547.352365 0.000000
550.352365 0.000000
553.352365 0.000000
556.352365 0.000000
559.352365 0.000000
562.352365 0.000000
565.352365 0.000000
568.352365 0.000000
571.352365 0.000000
574.352365 0.000000
577.352365 0.000000
580.352365 0.000000
583.352365 0.000000
586.352365 0.000000
589.352365 0.000000
592.352365 0.000000
595.352365 0.000000
598.352365 0.000000
601.352365 0.000000
604.352365 0.000000
607.352365 0.000000
610.352365 0.000000
643.352365 0.000000
682.952365 0.000000
730.472365 0.000000
787.496365 0.000000

