0.000000 0.028924
5.000000 0.029853
10.000000 0.030829
15.000000 0.031854
20.000000 0.032932
25.000000 0.034066
30.000000 0.035261
35.000000 0.036521
40.000000 0.037851
45.000000 0.039256
50.000000 0.040742
55.000000 0.042315
60.000000 0.043983
65.000000 0.045754
70.000000 0.047635
75.000000 0.049638
80.000000 0.051771
85.000000 0.054048
90.000000 0.056482
95.000000 0.059087
100.000000 0.061880
105.000000 0.064880
110.000000 0.068108
115.000000 0.071587
120.000000 0.075345
125.000000 0.079411
130.000000 0.083821
135.000000 0.088614
140.000000 0.093835
145.000000 0.099534
150.000000 0.105771
155.000000 0.112611
160.000000 0.120132
165.000000 0.128420
170.000000 0.137572
175.000000 0.147699
180.000000 0.158924
185.000000 0.171380
190.000000 0.185208
195.000000 0.200554
200.000000 0.217554
205.000000 0.236319
210.000000 0.256913
215.000000 0.279314
220.000000 0.303372
225.000000 0.328769
230.000000 0.354978
235.000000 0.381266
240.000000 0.406750
248.124287 0.444158
252.935422 0.463005
258.627265 0.481845
265.229589 0.499762
272.928860 0.517938
277.928860 0.530098
282.928860 0.544014
292.709324 0.580685
298.593156 0.611130
303.593156 0.642887
308.593156 0.680273
313.593156 0.723029
318.593156 0.770297
323.593156 0.820449
328.593156 0.870951
333.593156 0.918347
338.593156 0.958475
343.593156 0.986995
351.359382 1.000000
356.359382 0.985681
361.359382 0.954418
366.359382 0.909062
371.359382 0.853578
376.359382 0.792174
381.359382 0.728620
386.359382 0.665865
391.359382 0.605952
396.359382 0.550113
401.359382 0.498949
406.359382 0.452619
411.359382 0.410994
416.359382 0.373783
421.359382 0.340610
426.359382 0.311074
431.359382 0.284779
436.359382 0.261350
441.359382 0.240446
446.359382 0.221762
451.359382 0.205027
460.352365 0.179095
465.352365 0.166646
470.352365 0.155393
475.352365 0.145197
480.352365 0.135936
485.352365 0.127504
490.352365 0.119810
495.352365 0.112774
500.352365 0.106324
505.352365 0.100400
510.352365 0.094947
515.352365 0.089919
520.352365 0.085273
525.352365 0.080973
530.352365 0.076985
535.352365 0.073281
540.352365 0.069835
545.352365 0.066624
550.352365 0.063627
555.352365 0.060826
560.352365 0.058205
565.352365 0.055748
570.352365 0.053442
575.352365 0.051276
580.352365 0.049237
585.352365 0.047318
590.352365 0.045508
595.352365 0.043799
600.352365 0.042184
605.352365 0.040657
610.352365 0.039211
615.352365 0.037840
620.352365 0.036540
625.352365 0.035306
630.352365 0.034132
635.352365 0.033017
640.352365 0.031955
645.352365 0.030943
650.352365 0.029978
655.352365 0.029058
660.352365 0.028180
665.352365 0.027340
670.352365 0.026538
675.352365 0.025770
680.352365 0.025036
685.352365 0.024332
690.352365 0.023657

