340.000000 1.000000
351.359382 0.999129
357.359382 0.982227
363.359382 0.954079
369.359382 0.915366
375.359382 0.867210
381.359382 0.811099
387.359382 0.748796
393.359382 0.682222
399.359382 0.613349
405.359382 0.544083
411.359382 0.476170
417.359382 0.411120
423.359382 0.350158
429.359382 0.294190
435.359382 0.243806
441.359382 0.199299
447.359382 0.160694
453.359382 0.127796
460.352365 0.096168
466.352365 0.074234
472.352365 0.056520
478.352365 0.042444
484.352365 0.031438
490.352365 0.022969
496.352365 0.016552
502.352365 0.011766
508.352365 0.008251
514.352365 0.005708
520.352365 0.003895
526.352365 0.002623
532.352365 0.001743
538.352365 0.001143
544.352365 0.000740
550.352365 0.000473
556.352365 0.000299
562.352365 0.000186
568.352365 0.000115
574.352365 0.000070
580.352365 0.000042
586.352365 0.000025
592.352365 0.000015
598.352365 0.000009
604.352365 0.000005
610.352365 0.000003
616.352365 0.000002
622.352365 0.000001
628.352365 0.000001
634.352365 0.000000
640.352365 0.000000
646.352365 0.000000
652.352365 0.000000
658.352365 0.000000
664.352365 0.000000
670.352365 0.000000
676.352365 0.000000
682.352365 0.000000
688.352365 0.000000
694.352365 0.000000
700.352365 0.000000
706.352365 0.000000
712.352365 0.000000
718.352365 0.000000
724.352365 0.000000
730.352365 0.000000
736.352365 0.000000
742.352365 0.000000
748.352365 0.000000
754.352365 0.000000
760.352365 0.000000

