340.000000 1.094230
343.000000 1.155456
346.000000 1.202259
351.359382 1.235345
354.359382 1.221457
357.359382 1.185330
360.359382 1.130685
363.359382 1.062660
366.359382 0.986701
369.359382 0.907685
372.359382 0.829429
375.359382 0.754586
378.359382 0.684763
381.359382 0.620756
384.359382 0.562789
387.359382 0.510717
390.359382 0.464179
393.359382 0.422710
396.359382 0.385808
399.359382 0.352973
402.359382 0.323736
405.359382 0.297669
408.359382 0.274386
411.359382 0.253548
414.359382 0.234855
417.359382 0.218046
420.359382 0.202896
423.359382 0.189206
426.359382 0.176805
429.359382 0.165545
432.359382 0.155297
435.359382 0.145947
438.359382 0.137398
441.359382 0.129563
444.359382 0.122369
447.359382 0.115748
450.359382 0.109643
453.359382 0.104002
456.359382 0.098780
460.352365 0.092412
463.352365 0.088018
466.352365 0.083928
469.352365 0.080113
472.352365 0.076550
475.352365 0.073217
478.352365 0.070096
481.352365 0.067170
484.352365 0.064422
487.352365 0.061839
490.352365 0.059408
493.352365 0.057117
496.352365 0.054957
499.352365 0.052916
502.352365 0.050988
505.352365 0.049163
508.352365 0.047434
511.352365 0.045796
514.352365 0.044241
517.352365 0.042764
520.352365 0.041360
523.352365 0.040024
526.352365 0.038752
529.352365 0.037540
532.352365 0.036384
535.352365 0.035281
538.352365 0.034227
541.352365 0.033220
544.352365 0.032257
547.352365 0.031336
550.352365 0.030453
553.352365 0.029608
556.352365 0.028797
559.352365 0.028020
562.352365 0.027273
565.352365 0.026556
568.352365 0.025867
571.352365 0.025205
574.352365 0.024568
577.352365 0.023955
580.352365 0.023365
583.352365 0.022796
586.352365 0.022248
589.352365 0.021719
592.352365 0.021210
595.352365 0.020718
598.352365 0.020243
601.352365 0.019784
604.352365 0.019341
607.352365 0.018912
610.352365 0.018498
643.352365 0.014719
682.952365 0.011540
730.472365 0.008922
787.496365 0.006810

