340.000000 0.726682
341.381100 0.799015
342.762200 0.875138
344.143300 0.952641
345.524400 1.027957
346.905500 1.096409
348.286600 1.152600
349.667700 1.191215
351.359382 1.208652
352.740482 1.196524
354.121582 1.162005
355.502682 1.108830
356.883782 1.042151
358.264882 0.967430
359.645982 0.889551
361.027082 0.812343
362.408182 0.738467
363.789282 0.669539
365.170382 0.606360
366.551482 0.549161
367.932582 0.497802
369.313682 0.451927
370.694782 0.411076
372.075882 0.374749
373.456982 0.342452
374.838082 0.313718
376.219182 0.288121
377.600282 0.265278
378.981382 0.244853
380.362482 0.226547
381.743582 0.210103
383.124682 0.195295
384.505782 0.181927
385.886882 0.169829
387.267982 0.158855
388.649082 0.148876
390.030182 0.139780
391.411282 0.131471
392.792382 0.123863
394.173482 0.116883
395.554582 0.110466
396.935682 0.104554
398.316782 0.099097
399.697882 0.094051
401.078982 0.089376
402.460082 0.085038
403.841182 0.081005
405.222282 0.077251
406.603382 0.073750
407.984482 0.070480
409.365582 0.067423
410.746682 0.064559
412.127782 0.061874
413.508882 0.059353
414.889982 0.056983
416.271082 0.054753
417.652182 0.052651
419.033282 0.050668
420.414382 0.048795
421.795482 0.047025
423.176582 0.045350
424.557682 0.043763
425.938782 0.042258
427.319882 0.040831
428.700982 0.039475
430.082082 0.038186
431.463182 0.036960
432.844282 0.035792
434.225382 0.034680
435.606482 0.033619
436.987582 0.032607
438.368682 0.031641
439.749782 0.030718
441.130882 0.029835
442.511982 0.028990
443.893082 0.028182
445.274182 0.027408
446.655282 0.026667
448.036382 0.025956
449.417482 0.025274
450.798582 0.024619
452.179682 0.023990
453.560782 0.023386
454.941882 0.022805
456.322982 0.022245
457.704082 0.021705
460.352365 0.020722
461.733465 0.020234
463.114565 0.019762
464.495665 0.019305
465.876765 0.018864
467.257865 0.018436
468.638965 0.018023
470.020065 0.017623
471.401165 0.017237
472.782265 0.016863
474.163365 0.016502
475.544465 0.016153
476.925565 0.015814
478.306665 0.015487
479.687765 0.015170
481.068865 0.014862
482.449965 0.014564
483.831065 0.014276
485.212165 0.013996
486.593265 0.013724
487.974365 0.013460
489.355465 0.013204
490.736565 0.012955
492.117665 0.012714
493.498765 0.012479
494.879865 0.012251
496.260965 0.012029
497.642065 0.011813
499.023165 0.011603
500.404265 0.011399
501.785365 0.011200
503.166465 0.011006
504.547565 0.010818
505.928665 0.010634
507.309765 0.010455
508.690865 0.010280
510.071965 0.010110
511.453065 0.009944
512.834165 0.009783
514.215265 0.009625
515.596365 0.009471
516.977465 0.009320
518.358565 0.009174
519.739665 0.009031
521.120765 0.008891
522.501865 0.008754
523.882965 0.008621
525.264065 0.008491
526.645165 0.008363
528.026265 0.008239
529.407365 0.008117
544.599465 0.006941
562.829985 0.005841
584.706609 0.004836
610.958558 0.003941
642.460896 0.003162
680.263703 0.002499
725.627070 0.001948
780.063111 0.001497

