350.000000 0.652634
355.000000 0.708035
360.000000 0.762358
365.000000 0.814155
373.668498 0.893753
378.668498 0.931511
383.668498 0.961846
388.668498 0.983809
393.668498 0.996682
398.668498 1.000000
403.668498 0.993572
408.668498 0.977485
417.801872 0.924539
422.801872 0.883963
427.801872 0.836453
432.801872 0.783214
437.801872 0.725573
444.436732 0.644677
449.436732 0.582198
454.436732 0.519902
459.436732 0.459011
464.436732 0.400599
469.436732 0.345554
474.436732 0.294566
479.436732 0.248115
484.436732 0.206478
489.436732 0.169747
494.436732 0.137846
499.436732 0.110563
504.436732 0.087583
509.436732 0.068516
514.436732 0.052930
519.436732 0.040377
524.436732 0.030414
529.436732 0.022620
534.436732 0.016611
539.436732 0.012044
544.436732 0.008623
549.436732 0.006095
554.436732 0.004253
559.436732 0.002931
564.436732 0.001994
569.436732 0.001339
574.436732 0.000888
579.436732 0.000582
584.436732 0.000376
589.436732 0.000240
594.436732 0.000152
599.436732 0.000094
604.436732 0.000058
609.436732 0.000035
614.436732 0.000021
619.436732 0.000013
624.436732 0.000007
629.436732 0.000004
634.436732 0.000002
639.436732 0.000001
644.436732 0.000001
649.436732 0.000000
654.436732 0.000000
659.436732 0.000000
664.436732 0.000000
669.436732 0.000000
674.436732 0.000000
679.436732 0.000000
684.436732 0.000000
689.436732 0.000000
694.436732 0.000000
749.436732 0.000000

