200.000000 0.008630
205.000000 0.011353
210.000000 0.014772
215.000000 0.019011
220.000000 0.024197
225.000000 0.030460
230.000000 0.037920
235.000000 0.046684
240.000000 0.056834
245.000000 0.068416
250.000000 0.081431
255.000000 0.095828
260.000000 0.111490
265.000000 0.128237
270.000000 0.145817
275.000000 0.163918
280.831943 0.185198
287.831200 0.210102
292.831200 0.226867
297.831200 0.242327
305.525557 0.262812
314.488288 0.280777
318.185714 0.286304
323.185714 0.292208
328.683696 0.297027
333.683696 0.300482
338.683696 0.303792
343.683696 0.307816
348.683696 0.313515
353.683696 0.321905
358.683696 0.334000
363.804530 0.351213
373.089939 0.397510
378.089939 0.431369
383.089939 0.471608
388.089939 0.517880
393.089939 0.569442
398.089939 0.625149
403.089939 0.683479
408.089939 0.742587
413.089939 0.800384
418.089939 0.854642
423.089939 0.903114
428.089939 0.943669
435.312739 0.984524
445.158866 1.000000
450.158866 0.988727
455.158866 0.964734
460.158866 0.928825
465.158866 0.882286
470.158866 0.826798
475.158866 0.764325
480.158866 0.696986
485.158866 0.626934
490.158866 0.556236
495.158866 0.486773
500.158866 0.420161
505.158866 0.357702
510.158866 0.300357
515.158866 0.248749
520.158866 0.203184
525.158866 0.163689
530.158866 0.130062
535.158866 0.101925
540.158866 0.078778
545.158866 0.060051
550.158866 0.045148
555.158866 0.033477
560.158866 0.024482
565.158866 0.017658
570.158866 0.012561
575.158866 0.008812
580.158866 0.006098
585.158866 0.004161
590.158866 0.002801
595.158866 0.001859
600.158866 0.001217
605.158866 0.000786
610.158866 0.000500
615.158866 0.000314
620.158866 0.000195
625.158866 0.000119
630.158866 0.000072
635.158866 0.000043
640.158866 0.000025
645.158866 0.000014
650.158866 0.000008
655.158866 0.000005
660.158866 0.000003
665.158866 0.000001

