0.000000 0.000000
57.501889 0.000000
103.503400 0.000000
140.304608 0.000000
169.745575 0.000000
193.298349 0.000000
212.140568 0.000000
227.214343 0.000000
228.549843 0.000000
229.885343 0.000000
231.220843 0.000000
232.556343 0.000001
233.891843 0.000001
235.227343 0.000002
236.562843 0.000003
237.898343 0.000005
239.233843 0.000008
240.569343 0.000012
241.904843 0.000017
243.240343 0.000026
244.575843 0.000038
245.911343 0.000055
247.246843 0.000078
248.582343 0.000110
249.917843 0.000153
251.253343 0.000209
252.588843 0.000283
253.924343 0.000376
255.259843 0.000494
256.595343 0.000640
257.930843 0.000818
259.266343 0.001030
260.601843 0.001280
261.937343 0.001569
263.272843 0.001897
264.608343 0.002261
265.943843 0.002660
267.279343 0.003085
268.614843 0.003531
269.950343 0.003987
271.285843 0.004443
272.621343 0.004885
273.956843 0.005303
275.292343 0.005685
276.627843 0.006022
277.963343 0.006306
279.298843 0.006534
280.831943 0.006730
282.167443 0.006849
283.502943 0.006935
284.838443 0.007005
286.173943 0.007084
287.831200 0.007236
289.166700 0.007444
290.502200 0.007767
291.837700 0.008243
293.173200 0.008911
294.508700 0.009808
295.844200 0.010966
297.179700 0.012412
298.515200 0.014166
299.850700 0.016236
301.186200 0.018622
302.521700 0.021307
303.857200 0.024261
305.525557 0.028262
306.861057 0.031638
308.196557 0.035088
309.532057 0.038526
310.867557 0.041858
312.203057 0.044990
314.488288 0.049610
315.823788 0.051734
318.185714 0.054198
319.521214 0.054782
320.856714 0.054753
322.192214 0.054117
323.527714 0.052897
324.863214 0.051138
326.198714 0.048899
328.683696 0.043713
330.019196 0.040533
331.354696 0.037190
332.690196 0.033772
334.025696 0.030359
335.361196 0.027024
336.696696 0.023831
338.032196 0.020835
339.367696 0.018076
340.703196 0.015587
342.038696 0.013387
343.374196 0.011488
344.709696 0.009892
346.045196 0.008593
347.380696 0.007579
348.716196 0.006835
350.051696 0.006339
351.387196 0.006068
352.722696 0.005994
354.058196 0.006091
355.393696 0.006329
356.729196 0.006679
358.064696 0.007110
359.400196 0.007594
360.735696 0.008101
362.071196 0.008604
363.804530 0.009209
365.140030 0.009609
366.475530 0.009929
367.811030 0.010154
369.146530 0.010271
370.482030 0.010275
373.089939 0.009945
374.425439 0.009612
375.760939 0.009180
377.096439 0.008662
378.431939 0.008075
379.767439 0.007435
381.102939 0.006763
382.438439 0.006075
383.773939 0.005389
385.109439 0.004721
386.444939 0.004084
387.780439 0.003489
389.115939 0.002944
390.451439 0.002454
391.786939 0.002023
393.122439 0.001652
394.457939 0.001340
395.793439 0.001086
397.128939 0.000890
398.464439 0.000752
399.799939 0.000672
401.135439 0.000656
402.470939 0.000710
403.806439 0.000849
405.141939 0.001090
406.477439 0.001461
407.812939 0.001998
409.148439 0.002745
410.483939 0.003762
411.819439 0.005120
413.154939 0.006904
414.490439 0.009213
415.825939 0.012161
417.161439 0.015870
418.496939 0.020472
419.832439 0.026102
421.167939 0.032887
422.503439 0.040942
423.838939 0.050358
425.174439 0.061189
426.509939 0.073442
427.845439 0.087061
429.180939 0.101925
430.516439 0.117834
431.851939 0.134508
433.187439 0.151595
435.312739 0.178571
436.648239 0.194632
437.983739 0.209387
439.319239 0.222326
440.654739 0.232975
441.990239 0.240925
443.325739 0.245857
445.158866 0.247359
446.494366 0.244541
447.829866 0.238528
449.165366 0.229548
450.500866 0.217941
451.836366 0.204137
453.171866 0.188629
454.507366 0.171945
455.842866 0.154615
457.178366 0.137147
458.513866 0.120002
459.849366 0.103572
461.184866 0.088176
462.520366 0.074045
463.855866 0.061331
465.191366 0.050107
466.526866 0.040377
467.862366 0.032092
469.197866 0.025158
470.533366 0.019453
471.868866 0.014835
473.204366 0.011158
474.539866 0.008278
475.875366 0.006057
477.210866 0.004371
478.546366 0.003111
479.881866 0.002184
481.217366 0.001512
482.552866 0.001032
483.888366 0.000695
485.223866 0.000462
486.559366 0.000302
487.894866 0.000195
489.230366 0.000125
490.565866 0.000078
491.901366 0.000048
493.236866 0.000030
494.572366 0.000018
495.907866 0.000011
497.243366 0.000006
498.578866 0.000004
499.914366 0.000002
501.249866 0.000001
502.585366 0.000001
503.920866 0.000000
505.256366 0.000000
506.591866 0.000000
507.927366 0.000000
509.262866 0.000000
510.598366 0.000000
511.933866 0.000000
526.624366 0.000000
544.252966 0.000000
565.407286 0.000000
590.792470 0.000000
621.254691 0.000000
657.809356 0.000000

