0.000000 0.000363
57.501889 0.000501
103.503400 0.000681
140.304608 0.000915
169.745575 0.001213
193.298349 0.001590
212.140568 0.002064
227.214343 0.002659
228.549843 0.002727
229.885343 0.002797
231.220843 0.002871
232.556343 0.002949
233.891843 0.003031
235.227343 0.003117
236.562843 0.003207
237.898343 0.003302
239.233843 0.003403
240.569343 0.003510
241.904843 0.003622
243.240343 0.003742
244.575843 0.003869
245.911343 0.004005
247.246843 0.004149
248.582343 0.004304
249.917843 0.004470
251.253343 0.004648
252.588843 0.004839
253.924343 0.005046
255.259843 0.005270
256.595343 0.005513
257.930843 0.005777
259.266343 0.006064
260.601843 0.006379
261.937343 0.006722
263.272843 0.007099
264.608343 0.007513
265.943843 0.007966
267.279343 0.008462
268.614843 0.009003
269.950343 0.009590
271.285843 0.010221
272.621343 0.010888
273.956843 0.011582
275.292343 0.012286
276.627843 0.012976
277.963343 0.013628
279.298843 0.014217
280.831943 0.014794
282.167443 0.015205
283.502943 0.015544
284.838443 0.015834
286.173943 0.016109
287.831200 0.016484
289.166700 0.016852
290.502200 0.017309
291.837700 0.017879
293.173200 0.018580
294.508700 0.019428
295.844200 0.020437
297.179700 0.021617
298.515200 0.022980
299.850700 0.024534
301.186200 0.026287
302.521700 0.028246
303.857200 0.030413
305.525557 0.033419
306.861057 0.036059
308.196557 0.038894
309.532057 0.041889
310.867557 0.044984
312.203057 0.048077
314.488288 0.052947
315.823788 0.055255
318.185714 0.057795
319.521214 0.058220
320.856714 0.057933
322.192214 0.057029
323.527714 0.055635
324.863214 0.053872
326.198714 0.051836
328.683696 0.047522
330.019196 0.045000
331.354696 0.042395
332.690196 0.039767
334.025696 0.037182
335.361196 0.034700
336.696696 0.032372
338.032196 0.030233
339.367696 0.028301
340.703196 0.026584
342.038696 0.025080
343.374196 0.023779
344.709696 0.022670
346.045196 0.021742
347.380696 0.020983
348.716196 0.020380
350.051696 0.019923
351.387196 0.019604
352.722696 0.019414
354.058196 0.019344
355.393696 0.019384
356.729196 0.019523
358.064696 0.019745
359.400196 0.020032
360.735696 0.020363
362.071196 0.020716
363.804530 0.021171
365.140030 0.021498
366.475530 0.021789
367.811030 0.022032
369.146530 0.022214
370.482030 0.022320
373.089939 0.022256
374.425439 0.022076
375.760939 0.021812
377.096439 0.021487
378.431939 0.021133
379.767439 0.020784
381.102939 0.020467
382.438439 0.020205
383.773939 0.020013
385.109439 0.019902
386.444939 0.019876
387.780439 0.019938
389.115939 0.020089
390.451439 0.020329
391.786939 0.020657
393.122439 0.021074
394.457939 0.021581
395.793439 0.022181
397.128939 0.022875
398.464439 0.023669
399.799939 0.024568
401.135439 0.025579
402.470939 0.026710
403.806439 0.027970
405.141939 0.029373
406.477439 0.030932
407.812939 0.032663
409.148439 0.034585
410.483939 0.036721
411.819439 0.039095
413.154939 0.041738
414.490439 0.044684
415.825939 0.047970
417.161439 0.051643
418.496939 0.055754
419.832439 0.060359
421.167939 0.065523
422.503439 0.071316
423.838939 0.077814
425.174439 0.085094
426.509939 0.093232
427.845439 0.102298
429.180939 0.112344
430.516439 0.123402
431.851939 0.135467
433.187439 0.148487
435.312739 0.170867
436.648239 0.185602
437.983739 0.200378
439.319239 0.214580
440.654739 0.227391
441.990239 0.237840
443.325739 0.244935
445.158866 0.247794
446.494366 0.244428
447.829866 0.236736
449.165366 0.225460
450.500866 0.211613
451.836366 0.196265
453.171866 0.180369
454.507366 0.164673
455.842866 0.149691
457.178366 0.135733
458.513866 0.122952
459.849366 0.111387
461.184866 0.101004
462.520366 0.091731
463.855866 0.083473
465.191366 0.076127
466.526866 0.069594
467.862366 0.063780
469.197866 0.058599
470.533366 0.053974
471.868866 0.049836
473.204366 0.046126
474.539866 0.042792
475.875366 0.039788
477.210866 0.037075
478.546366 0.034620
479.881866 0.032391
481.217366 0.030363
482.552866 0.028515
483.888366 0.026826
485.223866 0.025278
486.559366 0.023858
487.894866 0.022552
489.230366 0.021349
490.565866 0.020238
491.901366 0.019210
493.236866 0.018258
494.572366 0.017374
495.907866 0.016552
497.243366 0.015786
498.578866 0.015072
499.914366 0.014406
501.249866 0.013782
502.585366 0.013198
503.920866 0.012650
505.256366 0.012135
506.591866 0.011652
507.927366 0.011196
509.262866 0.010767
510.598366 0.010362
511.933866 0.009980
526.624366 0.006877
544.252966 0.004753
565.407286 0.003295
590.792470 0.002290
621.254691 0.001596
657.809356 0.001114

