0.000000 0.000000
62.837092 0.000000
67.837092 0.000000
72.837092 0.000000
77.837092 0.000000
82.837092 0.000000
87.837092 0.000000
92.837092 0.000000
97.837092 0.000001
102.837092 0.000001
107.837092 0.000002
112.837092 0.000004
117.837092 0.000007
122.837092 0.000011
127.837092 0.000019
132.837092 0.000032
137.837092 0.000053
142.837092 0.000087
147.837092 0.000139
152.837092 0.000221
157.837092 0.000347
162.837092 0.000537
167.837092 0.000820
172.837092 0.001235
177.837092 0.001837
182.837092 0.002696
187.837092 0.003905
192.837092 0.005582
197.837092 0.007877
202.837092 0.010971
207.837092 0.015083
212.837092 0.020468
217.837092 0.027418
222.837092 0.036256
227.837092 0.047327
232.837092 0.060987
237.837092 0.077587
242.837092 0.097446
247.837092 0.120831
252.837092 0.147925
257.837092 0.178799
262.837092 0.213385
267.837092 0.251447
272.837092 0.292567
277.837092 0.336136
282.837092 0.381354
289.185459 0.439607
294.185459 0.484759
303.146178 0.559942
307.724631 0.593646
311.327789 0.617170
317.794389 0.651573
319.484871 0.658752
324.484871 0.675297
331.323446 0.686357
341.079388 0.680333
346.079388 0.668984
351.079388 0.653684
356.079388 0.636029
361.079388 0.617804
366.079388 0.600880
371.079388 0.587106
376.079388 0.578195
381.079388 0.575613
386.079388 0.580474
391.079388 0.593458
396.079388 0.614742
401.079388 0.643973
406.079388 0.680254
411.079388 0.722184
416.079388 0.767919
421.079388 0.815264
426.079388 0.861803
431.079388 0.905035
436.079388 0.942523
441.079388 0.972047
446.079388 0.991734
453.418285 1.000000
458.418285 0.990537
463.418285 0.968759
468.418285 0.935240
473.418285 0.891073
478.418285 0.837783
483.418285 0.777216
488.418285 0.711411
494.679930 0.624831
499.679930 0.554847
504.679930 0.486115
509.679930 0.420211
514.679930 0.358402
519.679930 0.301622
524.679930 0.250474
529.679930 0.205256
534.679930 0.165990
539.679930 0.132481
544.679930 0.104361
549.679930 0.081147
554.679930 0.062286
559.679930 0.047200
564.679930 0.035315
569.679930 0.026091
574.679930 0.019036
579.679930 0.013718
584.679930 0.009765
589.679930 0.006868
594.679930 0.004772
599.679930 0.003277
604.679930 0.002224
609.679930 0.001492
614.679930 0.000990
619.679930 0.000649
624.679930 0.000421
629.679930 0.000270
634.679930 0.000171
639.679930 0.000108
644.679930 0.000067
649.679930 0.000041
654.679930 0.000025
659.679930 0.000015
664.679930 0.000009
669.679930 0.000005
674.679930 0.000003
679.679930 0.000002
684.679930 0.000001
689.679930 0.000001
694.679930 0.000000
699.679930 0.000000
704.679930 0.000000
709.679930 0.000000
714.679930 0.000000
719.679930 0.000000
724.679930 0.000000
729.679930 0.000000
734.679930 0.000000
739.679930 0.000000

