350.000000 0.950780
355.000000 0.977328
360.000000 0.994366
367.313662 1.000000
372.313662 0.989933
377.313662 0.968623
382.313662 0.936684
387.313662 0.895178
392.313662 0.845543
397.313662 0.789482
402.313662 0.728852
407.313662 0.665543
412.313662 0.601371
417.313662 0.537983
422.313662 0.476787
427.313662 0.418907
432.313662 0.365163
437.313662 0.316080
442.895483 0.267089
447.895483 0.228413
452.895483 0.194470
457.895483 0.164947
462.895483 0.139449
467.895483 0.117543
472.895483 0.098793
477.895483 0.082781
482.895483 0.069125
487.895483 0.057492
492.895483 0.047590
497.895483 0.039175
502.895483 0.032041
507.895483 0.026015
512.895483 0.020951
517.895483 0.016722
522.895483 0.013218
527.895483 0.010340
532.895483 0.008002
537.895483 0.006122
542.895483 0.004629
547.895483 0.003457
552.895483 0.002550
557.895483 0.001858
562.895483 0.001336
567.895483 0.000948
572.895483 0.000664
577.895483 0.000459
582.895483 0.000313
587.895483 0.000210
592.895483 0.000140
597.895483 0.000091
602.895483 0.000059
607.895483 0.000038
612.895483 0.000024
617.895483 0.000015
622.895483 0.000009
627.895483 0.000005
632.895483 0.000003
637.895483 0.000002
642.895483 0.000001
647.895483 0.000001
652.895483 0.000000
657.895483 0.000000
662.895483 0.000000

