0.000000 0.002056
51.372862 0.003039
92.471152 0.004467
125.349784 0.006533
151.652690 0.009506
153.652690 0.009815
155.652690 0.010141
157.652690 0.010483
159.652690 0.010844
161.652690 0.011224
163.652690 0.011626
165.652690 0.012051
167.652690 0.012500
169.652690 0.012977
171.652690 0.013482
173.652690 0.014018
175.652690 0.014589
177.652690 0.015197
179.652690 0.015845
181.652690 0.016537
183.652690 0.017278
185.652690 0.018071
187.652690 0.018922
189.652690 0.019838
191.652690 0.020824
193.652690 0.021888
195.652690 0.023039
197.652690 0.024286
199.652690 0.025640
201.652690 0.027113
203.652690 0.028720
205.652690 0.030477
207.652690 0.032402
209.652690 0.034516
211.652690 0.036844
213.652690 0.039412
215.652690 0.042251
217.652690 0.045397
219.652690 0.048888
221.652690 0.052765
223.652690 0.057073
225.652690 0.061856
227.652690 0.067157
229.652690 0.073010
231.652690 0.079435
233.652690 0.086425
235.652690 0.093940
237.652690 0.101897
239.652690 0.110166
241.652690 0.118581
243.652690 0.126973
246.864312 0.140089
247.368721 0.142099
249.368721 0.149973
251.368721 0.157809
253.368721 0.165803
255.368721 0.174132
257.368721 0.182874
259.368721 0.191937
261.368721 0.201013
263.368721 0.209572
265.368721 0.216913
267.368721 0.222275
270.274037 0.225233
272.461862 0.223162
274.461862 0.218159
276.461862 0.210660
278.461862 0.201308
280.461862 0.190776
283.365710 0.174591
285.365710 0.163475
287.365710 0.152776
289.365710 0.142735
291.365710 0.133529
293.365710 0.125275
295.365710 0.118041
297.365710 0.111855
299.365710 0.106712
301.365710 0.102581
303.365710 0.099411
305.365710 0.097130
307.365710 0.095646
309.365710 0.094835
311.365710 0.094539
313.365710 0.094556
315.365710 0.094649
317.365710 0.094562
319.365710 0.094053
321.484623 0.092852
323.484623 0.091009
325.484623 0.088512
327.484623 0.085496
329.484623 0.082156
331.484623 0.078702
333.484623 0.075324
335.484623 0.072172
337.484623 0.069352
339.484623 0.066931
342.219782 0.064332
344.219782 0.062973
346.219782 0.062078
348.219782 0.061650
350.219782 0.061694
352.219782 0.062218
354.219782 0.063236
356.219782 0.064770
358.219782 0.066847
360.219782 0.069505
363.779384 0.075815
365.779384 0.080344
367.779384 0.085657
369.779384 0.091812
371.779384 0.098860
373.779384 0.106825
375.779384 0.115689
377.779384 0.125363
379.779384 0.135654
381.779384 0.146230
383.779384 0.156596
385.779384 0.166095
387.779384 0.173958
389.779384 0.179412
392.457144 0.181898
394.457144 0.179818
396.457144 0.174552
398.457144 0.166632
400.457144 0.156796
402.457144 0.145824
404.457144 0.134414
406.457144 0.123114
408.457144 0.112304
410.457144 0.102215
412.457144 0.092960
414.457144 0.084572
416.457144 0.077030
420.095876 0.065298
422.095876 0.059821
424.095876 0.054941
426.095876 0.050590
428.095876 0.046705
430.095876 0.043230
432.095876 0.040115
434.095876 0.037317
436.095876 0.034797
438.095876 0.032521
440.095876 0.030462
442.095876 0.028592
444.095876 0.026892
446.095876 0.025340
448.095876 0.023922
450.095876 0.022623
452.095876 0.021429
454.095876 0.020330
456.095876 0.019316
458.095876 0.018379
460.095876 0.017512
462.095876 0.016706
464.095876 0.015958
466.095876 0.015260
468.095876 0.014610
470.095876 0.014002
472.095876 0.013433
474.095876 0.012900
476.095876 0.012400
478.095876 0.011929
480.095876 0.011487
482.095876 0.011070
484.095876 0.010676
486.095876 0.010304
488.095876 0.009952
490.095876 0.009619
492.095876 0.009304
494.095876 0.009004
496.095876 0.008720
498.095876 0.008449
500.095876 0.008192
502.095876 0.007947
504.095876 0.007713
506.095876 0.007490
508.095876 0.007277
510.095876 0.007074
512.095876 0.006879
514.095876 0.006693
516.095876 0.006514
518.095876 0.006344
520.095876 0.006180
542.095876 0.004744
568.495876 0.003616
600.175876 0.002736

0.000000 0.000000
420.095876 0.000000
420.095876 0.000003
420.095876 0.000000
392.457144 0.000000
392.457144 0.171964
392.457144 0.000000
363.779384 0.000000
363.779384 0.000034
363.779384 0.000000
342.219782 0.000000
342.219782 0.000294
342.219782 0.000000
321.484623 0.000000
321.484623 0.048172
321.484623 0.000000
283.365710 0.000000
283.365710 0.023580
283.365710 0.000000
272.461862 0.000000
272.461862 0.000004
272.461862 0.000000
270.274037 0.000000
270.274037 0.174869
270.274037 0.000000
247.368721 0.000000
247.368721 0.000053
247.368721 0.000000
246.864312 0.000000
246.864312 0.054380
246.864312 0.000000
630.144000 0.000000

