0.000000 0.002900
54.872862 0.004303
98.771152 0.006351
133.889784 0.009327
161.984690 0.013622
164.484690 0.014147
166.984690 0.014705
169.484690 0.015297
171.984690 0.015927
174.484690 0.016598
176.984690 0.017314
179.484690 0.018079
181.984690 0.018898
184.484690 0.019775
186.984690 0.020716
189.484690 0.021728
191.984690 0.022819
194.484690 0.023996
196.984690 0.025268
199.484690 0.026647
201.984690 0.028145
204.484690 0.029774
206.984690 0.031551
209.484690 0.033493
211.984690 0.035622
214.484690 0.037959
216.984690 0.040533
219.484690 0.043372
221.984690 0.046512
224.484690 0.049992
226.984690 0.053855
229.484690 0.058150
231.984690 0.062929
234.484690 0.068247
236.984690 0.074160
239.484690 0.080717
241.984690 0.087960
244.484690 0.095908
246.984690 0.104552
249.484690 0.113841
251.984690 0.123677
254.484690 0.133918
256.984690 0.144396
261.864312 0.164943
262.368721 0.167051
264.868721 0.177429
267.368721 0.187696
269.868721 0.197839
272.368721 0.207750
274.868721 0.217153
277.368721 0.225577
279.868721 0.232393
282.368721 0.236924
285.274037 0.238596
287.461862 0.237061
289.961862 0.232451
292.461862 0.225195
294.961862 0.215920
298.365710 0.201316
300.865710 0.190018
303.365710 0.178855
305.865710 0.168253
308.365710 0.158521
310.865710 0.149862
313.365710 0.142389
315.865710 0.136133
318.365710 0.131058
320.865710 0.127066
323.365710 0.124002
325.865710 0.121655
328.365710 0.119771
330.865710 0.118067
333.365710 0.116272
336.484623 0.113577
338.984623 0.110918
341.484623 0.107830
343.984623 0.104435
346.484623 0.100920
348.984623 0.097492
351.484623 0.094342
353.984623 0.091624
357.219782 0.088931
359.719782 0.087586
362.219782 0.086939
364.719782 0.087031
367.219782 0.087895
369.719782 0.089569
372.219782 0.092090
374.719782 0.095501
378.779384 0.103055
381.279384 0.109009
383.779384 0.115980
386.279384 0.123944
388.779384 0.132814
391.279384 0.142402
393.779384 0.152389
396.279384 0.162295
398.779384 0.171477
401.279384 0.179171
403.779384 0.184591
407.457144 0.187117
409.957144 0.184722
412.457144 0.179165
414.957144 0.170979
417.457144 0.160896
419.957144 0.149696
422.457144 0.138076
424.957144 0.126581
427.457144 0.115590
429.957144 0.105333
432.457144 0.095921
435.095876 0.086938
437.595876 0.079306
440.095876 0.072473
442.595876 0.066372
445.095876 0.060931
447.595876 0.056077
450.095876 0.051743
452.595876 0.047867
455.095876 0.044395
457.595876 0.041277
460.095876 0.038470
462.595876 0.035938
465.095876 0.033647
467.595876 0.031569
470.095876 0.029680
472.595876 0.027958
475.095876 0.026384
477.595876 0.024943
480.095876 0.023619
482.595876 0.022402
485.095876 0.021279
487.595876 0.020241
490.095876 0.019280
492.595876 0.018389
495.095876 0.017560
497.595876 0.016789
500.095876 0.016069
502.595876 0.015397
505.095876 0.014768
507.595876 0.014179
510.095876 0.013625
512.595876 0.013105
515.095876 0.012616
517.595876 0.012155
520.095876 0.011720
522.595876 0.011308
525.095876 0.010920
527.595876 0.010552
530.095876 0.010203
532.595876 0.009872
535.095876 0.009557
537.595876 0.009258
540.095876 0.008974
542.595876 0.008703
545.095876 0.008445
547.595876 0.008198
550.095876 0.007963
552.595876 0.007738
555.095876 0.007523
557.595876 0.007318
560.095876 0.007121
587.595876 0.005408
620.595876 0.004078

0.000000 0.000000
435.095876 0.000000
435.095876 0.000003
435.095876 0.000000
407.457144 0.000000
407.457144 0.171964
407.457144 0.000000
378.779384 0.000000
378.779384 0.000034
378.779384 0.000000
357.219782 0.000000
357.219782 0.000294
357.219782 0.000000
336.484623 0.000000
336.484623 0.048172
336.484623 0.000000
298.365710 0.000000
298.365710 0.023580
298.365710 0.000000
287.461862 0.000000
287.461862 0.000004
287.461862 0.000000
285.274037 0.000000
285.274037 0.174869
285.274037 0.000000
262.368721 0.000000
262.368721 0.000053
262.368721 0.000000
261.864312 0.000000
261.864312 0.054380
261.864312 0.000000
630.144000 0.000000

