0.000000 0.004599
52.372862 0.006832
94.271152 0.010095
127.789784 0.014834
130.789784 0.015419
133.789784 0.016040
136.789784 0.016700
139.789784 0.017404
142.789784 0.018154
145.789784 0.018955
148.789784 0.019811
151.789784 0.020729
154.789784 0.021713
157.789784 0.022770
160.789784 0.023909
163.789784 0.025136
166.789784 0.026463
169.789784 0.027900
172.789784 0.029458
175.789784 0.031152
178.789784 0.032998
181.789784 0.035014
184.789784 0.037221
187.789784 0.039642
190.789784 0.042305
193.789784 0.045241
196.789784 0.048485
199.789784 0.052078
202.789784 0.056065
205.789784 0.060497
208.789784 0.065432
211.789784 0.070931
214.789784 0.077059
217.789784 0.083880
220.789784 0.091455
223.789784 0.099833
226.789784 0.109039
229.789784 0.119066
232.789784 0.129859
235.789784 0.141312
238.789784 0.153264
241.789784 0.165520
246.864312 0.186365
247.368721 0.188416
250.368721 0.200436
253.368721 0.212009
256.368721 0.222882
259.368721 0.232681
262.368721 0.240892
265.368721 0.246916
270.274037 0.250646
272.461862 0.249567
275.461862 0.245391
278.461862 0.238478
283.365710 0.223004
286.365710 0.212185
289.365710 0.201187
292.365710 0.190575
295.365710 0.180764
298.365710 0.172021
301.365710 0.164473
304.365710 0.158121
307.365710 0.152858
310.365710 0.148490
313.365710 0.144758
316.365710 0.141379
321.484623 0.135723
324.484623 0.132226
327.484623 0.128580
330.484623 0.124900
333.484623 0.121367
336.484623 0.118189
342.219782 0.113787
345.219782 0.112642
348.219782 0.112434
351.219782 0.113242
354.219782 0.115127
357.219782 0.118137
360.219782 0.122306
363.779384 0.128771
366.779384 0.135467
369.779384 0.143204
372.779384 0.151795
375.779384 0.160918
378.779384 0.170098
381.779384 0.178694
384.779384 0.185940
387.779384 0.191040
392.457144 0.193180
395.457144 0.190359
398.457144 0.184416
401.457144 0.175878
404.457144 0.165475
407.457144 0.153983
410.457144 0.142095
413.457144 0.130354
416.457144 0.119137
420.095876 0.106553
423.095876 0.097139
426.095876 0.088615
429.095876 0.080951
432.095876 0.074089
435.095876 0.067958
438.095876 0.062485
441.095876 0.057597
444.095876 0.053227
447.095876 0.049314
450.095876 0.045803
453.095876 0.042645
456.095876 0.039799
459.095876 0.037226
462.095876 0.034895
465.095876 0.032778
468.095876 0.030850
471.095876 0.029089
474.095876 0.027478
477.095876 0.026000
480.095876 0.024642
483.095876 0.023390
486.095876 0.022234
489.095876 0.021164
492.095876 0.020173
495.095876 0.019251
498.095876 0.018394
501.095876 0.017595
504.095876 0.016849
507.095876 0.016151
510.095876 0.015498
513.095876 0.014885
516.095876 0.014309
519.095876 0.013767
522.095876 0.013257
525.095876 0.012775
528.095876 0.012321
531.095876 0.011891
534.095876 0.011485
537.095876 0.011099
540.095876 0.010734
543.095876 0.010387
546.095876 0.010057
549.095876 0.009743
552.095876 0.009445
555.095876 0.009160
558.095876 0.008889
561.095876 0.008630
564.095876 0.008382
567.095876 0.008146
570.095876 0.007919
603.095876 0.005962

