0.000000 0.002340
61.872862 0.003482
111.371152 0.005154
150.969784 0.007590
182.648690 0.011118
185.148690 0.011501
187.648690 0.011904
190.148690 0.012329
192.648690 0.012779
195.148690 0.013255
197.648690 0.013758
200.148690 0.014292
202.648690 0.014858
205.148690 0.015461
207.648690 0.016101
210.148690 0.016784
212.648690 0.017513
215.148690 0.018291
217.648690 0.019125
220.148690 0.020018
222.648690 0.020978
225.148690 0.022010
227.648690 0.023123
230.148690 0.024324
232.648690 0.025624
235.148690 0.027033
237.648690 0.028564
240.148690 0.030231
242.648690 0.032050
245.148690 0.034040
247.648690 0.036221
250.148690 0.038619
252.648690 0.041259
255.148690 0.044175
257.648690 0.047402
260.148690 0.050979
262.648690 0.054952
265.148690 0.059370
267.648690 0.064287
270.148690 0.069757
272.648690 0.075837
275.148690 0.082573
277.648690 0.090002
280.148690 0.098137
282.648690 0.106959
285.148690 0.116405
287.648690 0.126364
290.148690 0.136685
292.648690 0.147197
296.864312 0.164943
297.368721 0.167051
299.868721 0.177429
302.368721 0.187696
304.868721 0.197839
307.368721 0.207750
309.868721 0.217153
312.368721 0.225577
314.868721 0.232393
317.368721 0.236924
320.274037 0.238596
322.461862 0.237061
324.961862 0.232451
327.461862 0.225195
329.961862 0.215920
333.365710 0.201316
335.865710 0.190018
338.365710 0.178855
340.865710 0.168253
343.365710 0.158521
345.865710 0.149862
348.365710 0.142389
350.865710 0.136133
353.365710 0.131058
355.865710 0.127066
358.365710 0.124002
360.865710 0.121655
363.365710 0.119771
365.865710 0.118067
368.365710 0.116272
371.484623 0.113577
373.984623 0.110918
376.484623 0.107830
378.984623 0.104435
381.484623 0.100920
383.984623 0.097492
386.484623 0.094342
388.984623 0.091624
392.219782 0.088931
394.719782 0.087586
397.219782 0.086939
399.719782 0.087031
402.219782 0.087895
404.719782 0.089569
407.219782 0.092090
409.719782 0.095501
413.779384 0.103055
416.279384 0.109009
418.779384 0.115980
421.279384 0.123944
423.779384 0.132814
426.279384 0.142402
428.779384 0.152389
431.279384 0.162295
433.779384 0.171477
436.279384 0.179171
438.779384 0.184591
442.457144 0.187117
444.957144 0.184722
447.457144 0.179165
449.957144 0.170979
452.457144 0.160896
454.957144 0.149696
457.457144 0.138076
459.957144 0.126581
462.457144 0.115590
464.957144 0.105333
467.457144 0.095921
470.095876 0.086938
472.595876 0.079306
475.095876 0.072473
477.595876 0.066372
480.095876 0.060931
482.595876 0.056077
485.095876 0.051743
487.595876 0.047867
490.095876 0.044395
492.595876 0.041277
495.095876 0.038470
497.595876 0.035938
500.095876 0.033647
502.595876 0.031569
505.095876 0.029680
507.595876 0.027958
510.095876 0.026384
512.595876 0.024943
515.095876 0.023619
517.595876 0.022402
520.095876 0.021279
522.595876 0.020241
525.095876 0.019280
527.595876 0.018389
530.095876 0.017560
532.595876 0.016789
535.095876 0.016069
537.595876 0.015397
540.095876 0.014768
542.595876 0.014179
545.095876 0.013625
547.595876 0.013105
550.095876 0.012616
552.595876 0.012155
555.095876 0.011720
557.595876 0.011308
560.095876 0.010920
562.595876 0.010552
565.095876 0.010203
567.595876 0.009872
570.095876 0.009557
572.595876 0.009258
575.095876 0.008974
577.595876 0.008703
580.095876 0.008445
582.595876 0.008198
585.095876 0.007963
587.595876 0.007738
590.095876 0.007523
592.595876 0.007318
595.095876 0.007121
622.595876 0.005408

0.000000 0.000000
470.095876 0.000000
470.095876 0.000003
470.095876 0.000000
442.457144 0.000000
442.457144 0.171964
442.457144 0.000000
413.779384 0.000000
413.779384 0.000034
413.779384 0.000000
392.219782 0.000000
392.219782 0.000294
392.219782 0.000000
371.484623 0.000000
371.484623 0.048172
371.484623 0.000000
333.365710 0.000000
333.365710 0.023580
333.365710 0.000000
322.461862 0.000000
322.461862 0.000004
322.461862 0.000000
320.274037 0.000000
320.274037 0.174869
320.274037 0.000000
297.368721 0.000000
297.368721 0.000053
297.368721 0.000000
296.864312 0.000000
296.864312 0.054380
296.864312 0.000000
630.144000 0.000000

