350.000000 0.969901
355.000000 0.990163
364.565830 1.000000
369.565830 0.988816
374.565830 0.966409
379.565830 0.933393
384.565830 0.890842
389.565830 0.840206
394.565830 0.783209
399.565830 0.721733
404.565830 0.657694
409.565830 0.592935
414.565830 0.529123
419.565830 0.467685
424.565830 0.409754
429.565830 0.356151
434.565830 0.307392
444.081473 0.228628
449.081473 0.194437
454.081473 0.164823
459.081473 0.139368
464.081473 0.117610
469.081473 0.099075
474.081473 0.083314
479.081473 0.069913
484.081473 0.058512
489.081473 0.048802
494.081473 0.040525
499.081473 0.033472
504.081473 0.027471
509.081473 0.022379
514.081473 0.018079
519.081473 0.014472
524.081473 0.011470
529.081473 0.008995
534.081473 0.006976
539.081473 0.005347
544.081473 0.004049
549.081473 0.003029
554.081473 0.002237
559.081473 0.001631
564.081473 0.001174
569.081473 0.000834
574.081473 0.000584
579.081473 0.000404
584.081473 0.000275
589.081473 0.000185
594.081473 0.000123
599.081473 0.000081
604.081473 0.000052
609.081473 0.000033
614.081473 0.000021
619.081473 0.000013
624.081473 0.000008
629.081473 0.000005
634.081473 0.000003
639.081473 0.000002
644.081473 0.000001
649.081473 0.000001
654.081473 0.000000
659.081473 0.000000
664.081473 0.000000

