0.000000 0.000000
5.000000 0.000000
10.000000 0.000000
15.000000 0.000000
20.000000 0.000000
25.000000 0.000000
30.000000 0.000000
35.000000 0.000000
40.000000 0.000000
45.000000 0.000001
50.000000 0.000001
55.000000 0.000003
60.000000 0.000005
65.000000 0.000008
70.000000 0.000013
75.000000 0.000022
80.000000 0.000037
85.000000 0.000061
90.000000 0.000098
95.000000 0.000156
100.000000 0.000245
105.000000 0.000379
110.000000 0.000580
115.000000 0.000873
120.000000 0.001298
125.000000 0.001904
130.000000 0.002754
135.000000 0.003930
140.000000 0.005533
145.000000 0.007685
150.000000 0.010531
155.000000 0.014237
160.000000 0.018989
165.000000 0.024987
170.000000 0.032440
175.000000 0.041555
180.000000 0.052521
185.000000 0.065499
190.000000 0.080602
195.000000 0.097878
200.000000 0.117295
205.000000 0.138730
210.000000 0.161954
215.000000 0.186641
220.000000 0.212365
225.000000 0.238626
230.000000 0.264867
235.000000 0.290519
240.000000 0.315034
249.094027 0.355247
255.634286 0.379907
258.875658 0.390766
263.875658 0.405910
268.875658 0.419490
276.362307 0.438332
277.025310 0.439993
282.025310 0.452959
291.500271 0.482530
294.051178 0.492323
299.051178 0.514553
304.051178 0.541377
309.051178 0.573215
314.051178 0.610122
319.051178 0.651735
324.051178 0.697249
329.051178 0.745431
334.051178 0.794666
339.051178 0.843037
344.051178 0.888434
349.051178 0.928686
354.051178 0.961702
359.051178 0.985613
364.051178 0.998901
369.545210 1.000000
374.545210 0.988163
379.545210 0.964163
384.545210 0.928633
389.545210 0.882707
394.545210 0.827936
399.545210 0.766180
404.545210 0.699485
409.545210 0.629952
414.545210 0.559623
419.545210 0.490370
424.545210 0.423819
429.545210 0.361290
434.545210 0.303768
439.545210 0.251905
444.545210 0.206032
453.953445 0.135959
458.953445 0.106864
463.953445 0.082844
468.953445 0.063344
473.953445 0.047772
478.953445 0.035536
483.953445 0.026074
488.953445 0.018872
493.953445 0.013474
498.953445 0.009490
503.953445 0.006595
508.953445 0.004522
513.953445 0.003060
518.953445 0.002043
523.953445 0.001347
528.953445 0.000877
533.953445 0.000563
538.953445 0.000358
543.953445 0.000225
548.953445 0.000139
553.953445 0.000086
558.953445 0.000052
563.953445 0.000031
568.953445 0.000019
573.953445 0.000011
578.953445 0.000007
583.953445 0.000004
588.953445 0.000002
593.953445 0.000001
598.953445 0.000001
603.953445 0.000000
608.953445 0.000000
613.953445 0.000000
618.953445 0.000000
623.953445 0.000000
628.953445 0.000000
633.953445 0.000000
638.953445 0.000000
643.953445 0.000000
648.953445 0.000000
653.953445 0.000000
658.953445 0.000000
663.953445 0.000000
668.953445 0.000000
673.953445 0.000000
678.953445 0.000000

