346.159851 0.948939
351.159851 0.974375
356.159851 0.991384
366.115453 1.000000
369.369127 0.995812
374.369127 0.983198
379.369127 0.963779
384.369127 0.938438
389.369127 0.908136
396.195112 0.860526
401.195112 0.822324
409.767385 0.752921
414.767385 0.711333
419.767385 0.669619
428.214358 0.600003
433.214358 0.559800
438.214358 0.520612
443.214358 0.482603
448.214358 0.445909
453.214358 0.410647
458.214358 0.376929
463.214358 0.344857
468.214358 0.314526
474.406008 0.279502
479.406008 0.253341
484.406008 0.229114
489.406008 0.206826
494.406008 0.186449
499.406008 0.167923
504.406008 0.151161
509.406008 0.136045
514.406008 0.122443
519.406008 0.110207
524.406008 0.099186
532.538303 0.083474
537.538303 0.074957
542.538303 0.067168
547.538303 0.060010
552.538303 0.053405
557.538303 0.047296
562.538303 0.041641
567.538303 0.036415
572.538303 0.031603
577.538303 0.027197
582.538303 0.023191
587.538303 0.019583
592.538303 0.016365
597.538303 0.013528
602.538303 0.011057
607.538303 0.008933
612.538303 0.007130
617.538303 0.005622
622.538303 0.004378
627.538303 0.003366
632.538303 0.002554
637.538303 0.001914
642.538303 0.001415
647.538303 0.001032
652.538303 0.000743
657.538303 0.000528
662.538303 0.000370
667.538303 0.000256
672.538303 0.000174
677.538303 0.000117
682.538303 0.000078
687.538303 0.000051
692.538303 0.000033
697.538303 0.000021
702.538303 0.000013
707.538303 0.000008
712.538303 0.000005
717.538303 0.000003
722.538303 0.000002
727.538303 0.000001
732.538303 0.000001
737.538303 0.000000
742.538303 0.000000
747.538303 0.000000
752.538303 0.000000
757.538303 0.000000
762.538303 0.000000
767.538303 0.000000
772.538303 0.000000
777.538303 0.000000
782.538303 0.000000

