330.812682 0.956155
333.503562 0.970627
338.562001 0.990339
343.562001 1.000000
348.562001 0.999949
353.562001 0.990552
361.974070 0.955547
366.974070 0.924863
371.974070 0.888163
376.974070 0.846629
381.974070 0.801449
386.974070 0.753769
395.904929 0.665655
400.904929 0.616266
406.778731 0.559453
410.780699 0.521956
415.780699 0.476908
420.780699 0.434194
425.780699 0.394074
430.780699 0.356718
435.780699 0.322214
440.780699 0.290583
445.780699 0.261780
450.780699 0.235707
455.780699 0.212220
460.780699 0.191140
465.780699 0.172256
471.842982 0.151982
476.842982 0.137146
481.842982 0.123773
486.842982 0.111648
494.870876 0.094330
499.870876 0.084644
504.870876 0.075663
509.870876 0.067308
514.870876 0.059525
519.870876 0.052285
524.870876 0.045573
529.870876 0.039388
534.870876 0.033731
539.870876 0.028606
544.870876 0.024011
549.870876 0.019939
554.870876 0.016374
559.870876 0.013294
564.870876 0.010668
569.870876 0.008459
574.870876 0.006627
579.870876 0.005129
584.870876 0.003920
589.870876 0.002959
594.870876 0.002206
599.870876 0.001623
604.870876 0.001180
609.870876 0.000846
614.870876 0.000599
619.870876 0.000419
624.870876 0.000289
629.870876 0.000197
634.870876 0.000133
639.870876 0.000088
644.870876 0.000058
649.870876 0.000037
654.870876 0.000024
659.870876 0.000015
664.870876 0.000009
669.870876 0.000006
674.870876 0.000003
679.870876 0.000002
684.870876 0.000001
689.870876 0.000001
694.870876 0.000000
699.870876 0.000000
704.870876 0.000000
709.870876 0.000000
714.870876 0.000000
719.870876 0.000000
724.870876 0.000000
729.870876 0.000000
734.870876 0.000000
739.870876 0.000000

