324.875873 0.900994
331.417880 0.948207
336.417880 0.974502
345.012136 0.998495
350.012136 1.000000
355.012136 0.992674
364.555197 0.956382
364.765301 0.955286
369.765301 0.925912
374.765301 0.890929
379.765301 0.851405
384.765301 0.808408
389.765301 0.762970
396.864937 0.696118
401.864937 0.648557
409.653239 0.575559
414.003422 0.536058
419.003422 0.492271
424.003422 0.450549
429.003422 0.411154
434.003422 0.374271
439.003422 0.340011
444.003422 0.308418
449.003422 0.279477
454.003422 0.253119
459.003422 0.229227
464.003422 0.207644
469.003422 0.188183
474.678488 0.168404
479.678488 0.152766
484.678488 0.138579
489.678488 0.125636
494.678488 0.113752
501.960368 0.098020
506.960368 0.088125
511.960368 0.078870
516.960368 0.070199
521.960368 0.062080
526.960368 0.054503
531.960368 0.047466
536.960368 0.040979
541.960368 0.035050
546.960368 0.029684
551.960368 0.024883
556.960368 0.020636
561.960368 0.016927
566.960368 0.013729
571.960368 0.011007
576.960368 0.008722
581.960368 0.006830
586.960368 0.005284
591.960368 0.004039
596.960368 0.003049
601.960368 0.002274
606.960368 0.001674
611.960368 0.001218
616.960368 0.000874
621.960368 0.000620
626.960368 0.000434
631.960368 0.000300
636.960368 0.000205
641.960368 0.000138
646.960368 0.000092
651.960368 0.000060
656.960368 0.000039
661.960368 0.000025
666.960368 0.000016
671.960368 0.000010
676.960368 0.000006
681.960368 0.000004
686.960368 0.000002
691.960368 0.000001
696.960368 0.000001
701.960368 0.000000
706.960368 0.000000
711.960368 0.000000
716.960368 0.000000
721.960368 0.000000
726.960368 0.000000
731.960368 0.000000
736.960368 0.000000
741.960368 0.000000
746.960368 0.000000
751.960368 0.000000

