260.000000 0.056457
265.000000 0.070931
270.000000 0.088073
275.000000 0.108084
280.000000 0.131103
285.000000 0.157189
290.000000 0.186298
295.000000 0.218268
300.000000 0.252804
305.000000 0.289470
310.000000 0.327686
315.000000 0.366741
320.000000 0.405803
329.173815 0.474382
334.173815 0.508282
340.655293 0.546570
348.210174 0.580774
356.991288 0.603444
364.155605 0.606911
370.301953 0.598978
375.301953 0.585452
380.301953 0.566149
387.404863 0.530284
392.404863 0.500391
397.404863 0.467884
402.404863 0.433920
407.404863 0.399696
414.270977 0.354469
417.838533 0.332674
422.838533 0.305075
427.838533 0.281869
432.838533 0.264034
437.838533 0.252458
442.838533 0.247921
447.838533 0.251079
452.838533 0.262434
457.838533 0.282307
462.838533 0.310801
467.838533 0.347759
472.838533 0.392729
477.838533 0.444934
482.838533 0.503251
487.838533 0.566214
492.838533 0.632036
497.838533 0.698653
502.838533 0.763804
507.838533 0.825123
512.838533 0.880254
517.838533 0.926982
522.838533 0.963353
527.838533 0.987794
534.733850 1.000000
539.733850 0.992669
544.733850 0.971948
549.733850 0.938640
554.733850 0.894051
559.733850 0.839892
564.733850 0.778175
569.733850 0.711083
574.733850 0.640839
579.733850 0.569590
584.733850 0.499296
589.733850 0.431654
594.733850 0.368039
599.733850 0.309481
604.733850 0.256657
609.733850 0.209920
614.733850 0.169330
619.733850 0.134708
624.733850 0.105689
629.733850 0.081780
634.733850 0.062409
639.733850 0.046970
644.733850 0.034864
649.733850 0.025522
654.733850 0.018426
659.733850 0.013120
664.733850 0.009213
669.733850 0.006381
674.733850 0.004358
679.733850 0.002936
684.733850 0.001950
689.733850 0.001278
694.733850 0.000826
699.733850 0.000526
704.733850 0.000331
709.733850 0.000205
714.733850 0.000125
719.733850 0.000076
724.733850 0.000045
729.733850 0.000026
734.733850 0.000015
739.733850 0.000009
744.733850 0.000005
749.733850 0.000003
754.733850 0.000001
759.733850 0.000001
764.733850 0.000000
769.733850 0.000000
774.733850 0.000000
779.733850 0.000000
784.733850 0.000000

