150.000000 0.000349
155.000000 0.000533
160.000000 0.000804
165.000000 0.001196
170.000000 0.001756
175.000000 0.002546
180.000000 0.003644
185.000000 0.005150
190.000000 0.007185
195.000000 0.009897
200.000000 0.013464
205.000000 0.018087
210.000000 0.023998
215.000000 0.031451
220.000000 0.040715
225.000000 0.052070
230.000000 0.065795
235.000000 0.082149
240.000000 0.101359
245.000000 0.123601
250.000000 0.148979
255.000000 0.177510
260.000000 0.209102
265.000000 0.243547
270.000000 0.280505
275.000000 0.319506
280.000000 0.359950
285.000000 0.401121
290.000000 0.442198
295.000000 0.482289
301.405582 0.530706
306.405582 0.565022
311.405582 0.595297
316.405582 0.620708
324.327968 0.649332
325.781852 0.652894
330.781852 0.660915
339.101593 0.659427
344.101593 0.649716
352.745034 0.618460
360.759624 0.575416
364.994297 0.548347
369.994297 0.513518
374.994297 0.476523
379.994297 0.438374
387.374849 0.382074
392.374849 0.345316
397.374849 0.310713
402.374849 0.279084
407.374849 0.251183
412.374849 0.227698
417.374849 0.209261
423.151643 0.195008
428.151643 0.189379
433.151643 0.190489
438.151643 0.198770
443.151643 0.214577
448.151643 0.238156
453.151643 0.269608
458.151643 0.308837
463.151643 0.355512
468.151643 0.409017
473.151643 0.468419
478.151643 0.532459
483.151643 0.599547
488.151643 0.667806
493.151643 0.735119
498.151643 0.799223
503.151643 0.857810
508.151643 0.908650
513.151643 0.949719
518.151643 0.979319
527.045555 1.000000
532.045555 0.992724
537.045555 0.972030
542.045555 0.938732
547.045555 0.894140
552.045555 0.839974
557.045555 0.778247
562.045555 0.711145
567.045555 0.640891
572.045555 0.569633
577.045555 0.499331
582.045555 0.431682
587.045555 0.368063
592.045555 0.309499
597.045555 0.256672
602.045555 0.209931
607.045555 0.169339
612.045555 0.134715
617.045555 0.105695
622.045555 0.081785
627.045555 0.062412
632.045555 0.046973
637.045555 0.034866
642.045555 0.025523
647.045555 0.018427
652.045555 0.013121
657.045555 0.009214
662.045555 0.006381
667.045555 0.004358
672.045555 0.002936
677.045555 0.001950
682.045555 0.001278
687.045555 0.000826
692.045555 0.000526
697.045555 0.000331
702.045555 0.000205
707.045555 0.000125
712.045555 0.000076
717.045555 0.000045
722.045555 0.000026
727.045555 0.000015
732.045555 0.000009
737.045555 0.000005
742.045555 0.000003
747.045555 0.000001
752.045555 0.000001
757.045555 0.000000
762.045555 0.000000
767.045555 0.000000
772.045555 0.000000
777.045555 0.000000

