352.745034 0.693203
360.759624 0.669555
364.994297 0.654185
370.894297 0.630604
376.794297 0.605768
387.374849 0.562273
393.274849 0.540537
399.174849 0.521616
405.074849 0.506015
410.974849 0.494046
416.874849 0.485896
423.151643 0.481555
429.051643 0.481677
434.951643 0.486043
440.851643 0.494878
446.751643 0.508461
452.651643 0.527095
458.551643 0.551081
464.451643 0.580666
470.351643 0.615979
476.251643 0.656939
482.151643 0.703118
488.051643 0.753574
493.951643 0.806668
499.851643 0.859901
505.751643 0.909881
511.651643 0.952512
517.551643 0.983492
527.045555 1.000000
532.945555 0.986883
538.845555 0.956689
544.745555 0.912288
550.645555 0.857652
556.545555 0.796996
562.445555 0.734090
568.345555 0.671888
574.245555 0.612439
580.145555 0.556980
586.045555 0.506123
591.945555 0.460033
597.845555 0.418590
603.745555 0.381510
609.645555 0.348425
615.545555 0.318939
621.445555 0.292662
627.345555 0.269225
633.245555 0.248291
639.145555 0.229559
645.045555 0.212761
650.945555 0.197662
656.845555 0.184059
662.745555 0.171771
668.645555 0.160644
674.545555 0.150544
680.445555 0.141352
686.345555 0.132968
692.245555 0.125302
698.145555 0.118277
704.045555 0.111824
709.945555 0.105886
715.845555 0.100409
721.745555 0.095347
727.645555 0.090661
733.545555 0.086314
739.445555 0.082274
745.345555 0.078515
751.245555 0.075009
757.145555 0.071736
763.045555 0.068675
768.945555 0.065808
774.845555 0.063119
780.745555 0.060594
786.645555 0.058219

