350.000000 0.000000
527.045555 0.000000
527.045555 0.999994
527.045555 0.000000
423.151643 0.000000
423.151643 0.024526
423.151643 0.000000
387.374849 0.000000
387.374849 0.017614
387.374849 0.000000
364.994297 0.000000
364.994297 0.037461
364.994297 0.000000
360.759624 0.000000
360.759624 0.086915
360.759624 0.000000
352.745034 0.000000
352.745034 0.123156
352.745034 0.000000
339.101593 0.000000
339.101593 0.112350
339.101593 0.000000
325.781852 0.000000
325.781852 0.091653
325.781852 0.000000
324.327968 0.000000
324.327968 0.113966
324.327968 0.000000
301.405582 0.000000
301.405582 0.172527
301.405582 0.000000
790.568000 0.000000

352.745034 0.480333
355.745034 0.459228
360.759624 0.418959
364.994297 0.381324
367.994297 0.353408
370.994297 0.325007
373.994297 0.296603
376.994297 0.268659
379.994297 0.241602
382.994297 0.215807
387.374849 0.181032
390.374849 0.159510
393.374849 0.140009
396.374849 0.122581
399.374849 0.107208
402.374849 0.093812
405.374849 0.082262
408.374849 0.072393
411.374849 0.064015
414.374849 0.056927
417.374849 0.050927
423.151643 0.041767
426.151643 0.037960
429.151643 0.034654
432.151643 0.031783
435.151643 0.029326
438.151643 0.027303
441.151643 0.025787
444.151643 0.024900
447.151643 0.024819
450.151643 0.025781
453.151643 0.028081
456.151643 0.032081
459.151643 0.038206
462.151643 0.046943
465.151643 0.058834
468.151643 0.074460
471.151643 0.094421
474.151643 0.119305
477.151643 0.149647
480.151643 0.185887
483.151643 0.228310
486.151643 0.276997
489.151643 0.331769
492.151643 0.392140
495.151643 0.457290
498.151643 0.526045
501.151643 0.596894
504.151643 0.668020
507.151643 0.737369
510.151643 0.802740
513.151643 0.861894
516.151643 0.912678
519.151643 0.953156
522.151643 0.981730
527.045555 1.000000
530.045555 0.993090
533.045555 0.972651
536.045555 0.939518
539.045555 0.895020
542.045555 0.840892
545.045555 0.779160
548.045555 0.712021
551.045555 0.641709
554.045555 0.570378
557.045555 0.499997
560.045555 0.432266
563.045555 0.368565
566.045555 0.309925
569.045555 0.257027
572.045555 0.210223
575.045555 0.169575
578.045555 0.134903
581.045555 0.105843
584.045555 0.081899
587.045555 0.062500
590.045555 0.047039
593.045555 0.034915
596.045555 0.025559
599.045555 0.018453
602.045555 0.013139
605.045555 0.009226
608.045555 0.006390
611.045555 0.004364
614.045555 0.002940
617.045555 0.001953
620.045555 0.001280
623.045555 0.000827
626.045555 0.000527
629.045555 0.000331
632.045555 0.000205
635.045555 0.000126
638.045555 0.000076
641.045555 0.000045
644.045555 0.000026
647.045555 0.000015
650.045555 0.000009
653.045555 0.000005
656.045555 0.000003
659.045555 0.000001
662.045555 0.000001
665.045555 0.000000
668.045555 0.000000
671.045555 0.000000
674.045555 0.000000
677.045555 0.000000
710.045555 0.000000
749.645555 0.000000

