230.000000 0.040820
235.000000 0.050892
240.000000 0.062839
245.000000 0.076862
250.000000 0.093151
255.000000 0.111877
260.000000 0.133187
265.000000 0.157192
270.000000 0.183954
275.000000 0.213483
280.000000 0.245719
289.024146 0.310253
294.024146 0.349057
299.024146 0.389541
305.174980 0.440877
310.174980 0.483087
315.174980 0.524923
322.752570 0.585718
327.752570 0.622758
335.494057 0.672749
339.239637 0.692852
344.239637 0.714723
353.384512 0.737917
358.384512 0.740539
368.111414 0.724531
369.352756 0.720526
374.352756 0.700183
379.352756 0.673610
384.352756 0.641691
389.352756 0.605520
394.352756 0.566360
399.352756 0.525598
405.097922 0.478687
410.097922 0.439487
415.097922 0.403353
420.097922 0.371699
425.097922 0.345839
430.097922 0.326950
435.097922 0.316038
440.097922 0.313903
445.097922 0.321111
450.097922 0.337951
455.097922 0.364413
460.097922 0.400149
465.097922 0.444455
470.097922 0.496257
475.097922 0.554115
480.097922 0.616245
485.097922 0.680569
490.097922 0.744782
495.097922 0.806447
500.097922 0.863106
505.097922 0.912404
510.097922 0.952217
515.097922 0.980772
523.807252 1.000000
528.807252 0.992545
533.807252 0.971748
538.807252 0.938398
543.807252 0.893789
548.807252 0.839627
553.807252 0.777919
558.807252 0.710842
563.807252 0.640619
568.807252 0.569392
573.807252 0.499121
578.807252 0.431502
583.807252 0.367910
588.807252 0.309372
593.807252 0.256567
598.807252 0.209845
603.807252 0.169270
608.807252 0.134660
613.807252 0.105652
618.807252 0.081752
623.807252 0.062387
628.807252 0.046954
633.807252 0.034852
638.807252 0.025513
643.807252 0.018420
648.807252 0.013115
653.807252 0.009210
658.807252 0.006378
663.807252 0.004357
668.807252 0.002935
673.807252 0.001950
678.807252 0.001277
683.807252 0.000825
688.807252 0.000526
693.807252 0.000331
698.807252 0.000205
703.807252 0.000125
708.807252 0.000076
713.807252 0.000045
718.807252 0.000026
723.807252 0.000015
728.807252 0.000009
733.807252 0.000005
738.807252 0.000003
743.807252 0.000001
748.807252 0.000001
753.807252 0.000000
758.807252 0.000000
763.807252 0.000000
768.807252 0.000000
773.807252 0.000000

