353.660714 0.620562
359.105263 0.603296
364.105263 0.582455
369.105263 0.557589
374.105263 0.529607
379.105263 0.499577
384.105263 0.468693
393.412865 0.413395
398.412865 0.387358
403.412865 0.365612
408.412865 0.349421
413.412865 0.339933
418.412865 0.338125
423.412865 0.344759
428.412865 0.360329
433.412865 0.385019
438.412865 0.418662
443.412865 0.460708
448.412865 0.510212
453.412865 0.565836
458.412865 0.625870
463.412865 0.688285
468.412865 0.750803
473.412865 0.811001
478.412865 0.866416
483.412865 0.914685
488.412865 0.953666
493.412865 0.981565
502.131762 1.000000
507.131762 0.992230
512.131762 0.971212
517.131762 0.937720
522.131762 0.893030
527.131762 0.838837
532.131762 0.777133
537.131762 0.710088
542.131762 0.639915
547.131762 0.568751
552.131762 0.498549
557.131762 0.431001
562.131762 0.367478
567.131762 0.309006
572.131762 0.256262
577.131762 0.209596
582.131762 0.169067
587.131762 0.134499
592.131762 0.105525
597.131762 0.081653
602.131762 0.062312
607.131762 0.046897
612.131762 0.034810
617.131762 0.025482
622.131762 0.018397
627.131762 0.013099
632.131762 0.009199
637.131762 0.006371
642.131762 0.004351
647.131762 0.002931
652.131762 0.001947
657.131762 0.001276
662.131762 0.000824
667.131762 0.000525
672.131762 0.000330
677.131762 0.000205
682.131762 0.000125
687.131762 0.000075
692.131762 0.000045
697.131762 0.000026
702.131762 0.000015
707.131762 0.000009
712.131762 0.000005
717.131762 0.000003
722.131762 0.000001
727.131762 0.000001
732.131762 0.000000
737.131762 0.000000
742.131762 0.000000
747.131762 0.000000
752.131762 0.000000

