340.000000 0.898564
345.000000 0.939468
350.000000 0.970470
355.910035 0.993633
358.920949 0.999815
366.220034 1.000000
371.220034 0.989446
376.220034 0.972017
381.490262 0.948324
386.490262 0.922973
391.490262 0.896942
396.490262 0.872142
401.490262 0.850173
406.490262 0.832208
413.440287 0.815032
415.189461 0.812165
424.731432 0.805492
429.731432 0.806398
434.731432 0.808502
439.731432 0.810152
444.731432 0.809662
449.731432 0.805455
457.605364 0.788171
462.605364 0.769059
467.605364 0.743131
472.605364 0.710471
477.605364 0.671575
482.605364 0.627293
487.605364 0.578756
496.790943 0.482949
501.790943 0.429731
506.790943 0.377479
511.790943 0.327377
516.790943 0.280411
521.790943 0.237338
526.790943 0.198681
531.790943 0.164736
536.790943 0.135585
541.790943 0.111136
546.790943 0.091151
551.790943 0.075288
556.790943 0.063130
561.790943 0.054219
566.790943 0.048083
571.790943 0.044250
576.790943 0.042270
581.790943 0.041716
586.790943 0.042200
591.790943 0.043369
596.790943 0.044911
601.790943 0.046556
606.790943 0.048075
611.790943 0.049285
616.790943 0.050043
622.556730 0.050232
627.556730 0.049741
632.556730 0.048628
637.556730 0.046916
642.556730 0.044661
647.556730 0.041940
652.556730 0.038849
657.556730 0.035495
662.556730 0.031986
667.556730 0.028428
672.556730 0.024919
677.556730 0.021543
682.556730 0.018368
687.556730 0.015445
692.556730 0.012809
697.556730 0.010476
702.556730 0.008451
707.556730 0.006723
712.556730 0.005275
717.556730 0.004081
722.556730 0.003115
727.556730 0.002344
732.556730 0.001740
737.556730 0.001274
742.556730 0.000920
747.556730 0.000655
752.556730 0.000460
757.556730 0.000318
762.556730 0.000217
767.556730 0.000147
772.556730 0.000097
777.556730 0.000064
782.556730 0.000041
787.556730 0.000026
792.556730 0.000017
797.556730 0.000010
802.556730 0.000006
807.556730 0.000004
812.556730 0.000002
817.556730 0.000001
822.556730 0.000001
827.556730 0.000000
832.556730 0.000000
837.556730 0.000000
842.556730 0.000000
847.556730 0.000000
852.556730 0.000000
857.556730 0.000000
862.556730 0.000000
867.556730 0.000000
872.556730 0.000000
927.556730 0.000000

