350.000000 0.390807
355.000000 0.412256
361.244423 0.435857
364.527290 0.447002
368.000333 0.458040
373.000333 0.473029
382.359626 0.501037
387.359626 0.517845
392.359626 0.537267
397.359626 0.560211
402.359626 0.587370
407.359626 0.619123
414.815728 0.674881
419.115175 0.711009
426.330331 0.775942
431.330331 0.822038
436.330331 0.866888
441.330331 0.908416
446.330331 0.944500
451.330331 0.973126
456.330331 0.992519
465.315588 1.000000
470.315588 0.987655
475.315588 0.963420
480.315588 0.927888
485.315588 0.882147
490.315588 0.827704
495.315588 0.766376
500.315588 0.700167
505.315588 0.631146
510.315588 0.561321
515.315588 0.492544
520.689822 0.421617
525.689823 0.359801
530.689823 0.302997
535.689823 0.251837
540.689823 0.206646
545.689823 0.167480
550.689823 0.134168
555.689823 0.106371
560.689823 0.083628
565.689823 0.065412
570.689823 0.051164
575.689823 0.040331
580.689823 0.032389
585.689823 0.026859
590.689823 0.023312
595.689823 0.021376
600.689823 0.020727
605.689823 0.021089
610.689823 0.022222
615.689823 0.023917
620.689823 0.025990
625.689823 0.028274
630.689823 0.030619
635.689823 0.032888
640.689823 0.034959
645.689823 0.036724
650.689823 0.038096
655.689823 0.039004
662.107238 0.039417
667.107238 0.039130
672.107238 0.038316
677.107238 0.037005
682.107238 0.035249
687.107238 0.033115
692.107238 0.030683
697.107238 0.028038
702.107238 0.025269
707.107238 0.022460
712.107238 0.019689
717.107238 0.017021
722.107238 0.014513
727.107238 0.012204
732.107238 0.010121
737.107238 0.008278
742.107238 0.006677
747.107238 0.005312
752.107238 0.004168
757.107238 0.003225
762.107238 0.002461
767.107238 0.001852
772.107238 0.001375
777.107238 0.001006
782.107238 0.000727
787.107238 0.000517
792.107238 0.000363
797.107238 0.000252
802.107238 0.000172
807.107238 0.000116
812.107238 0.000077
817.107238 0.000050
822.107238 0.000033
827.107238 0.000021
832.107238 0.000013
837.107238 0.000008
842.107238 0.000005
847.107238 0.000003
852.107238 0.000002
857.107238 0.000001
862.107238 0.000001
867.107238 0.000000
872.107238 0.000000
877.107238 0.000000
882.107238 0.000000
887.107238 0.000000
892.107238 0.000000
897.107238 0.000000
902.107238 0.000000
907.107238 0.000000
912.107238 0.000000
967.107238 0.000000

