346.108334 0.982961
355.711271 1.000000
360.632125 0.991420
365.632125 0.971579
370.632125 0.941832
377.960535 0.883981
379.623499 0.869059
384.623499 0.821538
389.623499 0.771731
394.623499 0.721723
399.623499 0.673374
404.623499 0.628218
411.621056 0.572454
416.621056 0.538736
421.978498 0.508421
426.978498 0.485201
431.978498 0.466202
436.978498 0.450521
441.978498 0.437118
446.978498 0.424913
451.978498 0.412877
457.770851 0.397965
462.770851 0.383466
467.770851 0.366972
472.770851 0.348270
477.770851 0.327381
482.770851 0.304530
487.770851 0.280106
492.770851 0.254622
498.992248 0.222306
503.992248 0.196571
508.992248 0.171655
513.992248 0.148050
518.992248 0.126159
523.992248 0.106278
528.992248 0.088596
533.992248 0.073199
538.992248 0.060082
543.992248 0.049160
548.992248 0.040291
553.992248 0.033285
558.992248 0.027929
563.992248 0.023994
568.992248 0.021249
573.992248 0.019471
578.992248 0.018450
583.992248 0.017992
588.992248 0.017927
593.992248 0.018103
598.992248 0.018391
603.992248 0.018686
608.992248 0.018905
617.348996 0.018935
622.348996 0.018694
627.348996 0.018239
632.348996 0.017574
637.348996 0.016715
642.348996 0.015688
647.348996 0.014527
652.348996 0.013269
657.348996 0.011955
662.348996 0.010625
667.348996 0.009312
672.348996 0.008050
677.348996 0.006864
682.348996 0.005771
687.348996 0.004786
692.348996 0.003915
697.348996 0.003158
702.348996 0.002512
707.348996 0.001971
712.348996 0.001525
717.348996 0.001164
722.348996 0.000876
727.348996 0.000650
732.348996 0.000476
737.348996 0.000344
742.348996 0.000245
747.348996 0.000172
752.348996 0.000119
757.348996 0.000081
762.348996 0.000055
767.348996 0.000036
772.348996 0.000024
777.348996 0.000015
782.348996 0.000010
787.348996 0.000006
792.348996 0.000004
797.348996 0.000002
802.348996 0.000001
807.348996 0.000001
812.348996 0.000000
817.348996 0.000000
822.348996 0.000000
827.348996 0.000000
832.348996 0.000000
837.348996 0.000000
842.348996 0.000000
847.348996 0.000000
852.348996 0.000000
857.348996 0.000000
862.348996 0.000000
867.348996 0.000000
922.348996 0.000000

