0.000000 0.007239
57.780785 0.010804
104.005413 0.016015
107.505413 0.016558
111.005413 0.017129
114.505413 0.017731
118.005413 0.018366
121.505413 0.019036
125.005413 0.019744
128.505413 0.020492
132.005413 0.021284
135.505413 0.022124
139.005413 0.023015
142.505413 0.023962
146.005413 0.024969
149.505413 0.026041
153.005413 0.027185
156.505413 0.028407
160.005413 0.029713
163.505413 0.031113
167.005413 0.032615
170.505413 0.034229
174.005413 0.035966
177.505413 0.037840
181.005413 0.039865
184.505413 0.042057
188.005413 0.044434
191.505413 0.047018
195.005413 0.049833
198.505413 0.052906
202.005413 0.056268
205.505413 0.059956
209.005413 0.064010
212.505413 0.068478
216.005413 0.073413
219.505413 0.078879
223.005413 0.084945
226.505413 0.091693
230.005413 0.099214
233.505413 0.107609
237.005413 0.116991
240.505413 0.127480
244.005413 0.139199
247.505413 0.152268
251.005413 0.166788
254.505413 0.182823
258.005413 0.200369
261.505413 0.219321
265.005413 0.239428
271.403925 0.277636
274.903925 0.298104
278.403925 0.317236
284.085340 0.343540
287.585340 0.356051
291.085340 0.365564
294.585340 0.372201
298.085340 0.376185
301.585340 0.377723
306.902535 0.375734
310.190342 0.372092
313.690342 0.366415
317.190342 0.359141
320.690342 0.350562
325.382935 0.337498
328.882935 0.326906
332.382935 0.315809
335.882935 0.304358
339.382935 0.292652
345.673952 0.271188
349.173952 0.259167
352.673952 0.247277
356.173952 0.235726
359.673952 0.224721
363.173952 0.214423
366.673952 0.204905
370.173952 0.196150
374.261504 0.186777
378.292387 0.178285
381.792387 0.171443
385.292387 0.165110
388.792387 0.159371
392.292387 0.154359
395.792387 0.150219
399.292387 0.147084
402.792387 0.145053
406.292387 0.144179
409.792387 0.144465
413.292387 0.145850
416.792387 0.148196
420.292387 0.151269
423.792387 0.154726
427.292387 0.158108
430.792387 0.160863
434.292387 0.162414
439.352622 0.161534
440.112692 0.161031
443.612692 0.157418
447.112692 0.151796
450.612692 0.144513
454.112692 0.136058
457.612692 0.126955
461.112692 0.117672
464.612692 0.108573
468.112692 0.099911
471.612692 0.091835
475.112692 0.084415
478.612692 0.077667
482.112692 0.071568
485.612692 0.066078
489.112692 0.061145
492.612692 0.056715
496.112692 0.052734
499.612692 0.049153
503.112692 0.045925
506.612692 0.043009
510.112692 0.040369
513.612692 0.037973
517.112692 0.035792
520.612692 0.033803
524.112692 0.031984
527.612692 0.030315
531.112692 0.028781
534.612692 0.027368
538.112692 0.026063
541.612692 0.024855
545.112692 0.023734
548.612692 0.022693
552.112692 0.021723
555.612692 0.020818
559.112692 0.019973
562.612692 0.019181
566.112692 0.018438
569.612692 0.017741
573.112692 0.017085
576.612692 0.016467
580.112692 0.015884
583.612692 0.015333
587.112692 0.014813
590.612692 0.014320
594.112692 0.013852
597.612692 0.013409
601.112692 0.012987
604.612692 0.012587

