0.000000 0.001839
53.980785 0.002717
97.165413 0.003985
131.713116 0.005799
159.351278 0.008368
181.461807 0.011963
183.161807 0.012335
184.861807 0.012725
186.561807 0.013135
188.261807 0.013565
189.961807 0.014018
191.661807 0.014494
193.361807 0.014996
195.061807 0.015526
196.761807 0.016085
198.461807 0.016676
200.161807 0.017301
201.861807 0.017963
203.561807 0.018666
205.261807 0.019412
206.961807 0.020205
208.661807 0.021049
210.361807 0.021949
212.061807 0.022910
213.761807 0.023938
215.461807 0.025039
217.161807 0.026219
218.861807 0.027488
220.561807 0.028854
222.261807 0.030327
223.961807 0.031918
225.661807 0.033641
227.361807 0.035511
229.061807 0.037543
230.761807 0.039758
232.461807 0.042176
234.161807 0.044824
235.861807 0.047730
237.561807 0.050927
239.261807 0.054452
240.961807 0.058350
242.661807 0.062669
244.361807 0.067466
246.061807 0.072806
247.761807 0.078761
249.461807 0.085411
251.161807 0.092844
252.861807 0.101150
254.561807 0.110421
256.261807 0.120740
257.961807 0.132166
259.661807 0.144719
261.403925 0.158698
263.103925 0.173265
264.803925 0.188443
266.503925 0.203759
268.203925 0.218565
269.903925 0.232086
271.603925 0.243532
274.085340 0.255251
275.785340 0.259526
277.485340 0.261017
279.185340 0.260371
280.885340 0.258435
282.585340 0.256077
284.285340 0.254022
285.985340 0.252750
287.685340 0.252454
289.385340 0.253040
291.085340 0.254156
292.785340 0.255272
294.485340 0.255789
296.902535 0.254499
300.190342 0.248043
301.890342 0.242973
303.590342 0.237301
305.290342 0.231498
306.990342 0.225920
308.690342 0.220735
310.390342 0.215925
312.090342 0.211323
315.382935 0.202172
317.082935 0.197042
318.782935 0.191656
320.482935 0.186194
322.182935 0.180895
323.882935 0.175991
325.582935 0.171629
327.282935 0.167834
328.982935 0.164494
330.682935 0.161375
332.382935 0.158164
335.673952 0.150564
337.373952 0.145566
339.073952 0.139840
340.773952 0.133569
342.473952 0.127023
344.173952 0.120498
345.873952 0.114261
347.573952 0.108519
349.273952 0.103416
350.973952 0.099031
352.673952 0.095395
354.373952 0.092494
356.073952 0.090282
357.773952 0.088675
359.473952 0.087553
361.173952 0.086759
364.261504 0.085523
365.961504 0.084585
368.292387 0.082613
369.992387 0.080563
371.692387 0.078015
373.392387 0.075071
375.092387 0.071884
376.792387 0.068618
378.492387 0.065421
380.192387 0.062410
381.892387 0.059666
383.592387 0.057241
385.292387 0.055160
386.992387 0.053435
388.692387 0.052067
390.392387 0.051051
392.092387 0.050385
393.792387 0.050065
395.492387 0.050094
397.192387 0.050477
398.892387 0.051225
400.592387 0.052354
402.292387 0.053888
403.992387 0.055854
405.692387 0.058288
407.392387 0.061228
409.092387 0.064715
410.792387 0.068790
412.492387 0.073487
414.192387 0.078823
415.892387 0.084786
417.592387 0.091316
419.292387 0.098282
420.992387 0.105456
422.692387 0.112500
424.392387 0.118964
426.092387 0.124317
429.352622 0.129604
430.112692 0.129674
431.812692 0.128142
433.512692 0.124414
435.212692 0.118857
436.912692 0.111982
438.612692 0.104325
440.312692 0.096369
442.012692 0.088492
443.712692 0.080955
445.412692 0.073918
447.112692 0.067460
448.812692 0.061602
450.512692 0.056329
452.212692 0.051608
453.912692 0.047390
455.612692 0.043627
457.312692 0.040269
459.012692 0.037270
460.712692 0.034587
462.412692 0.032183
464.112692 0.030022
465.812692 0.028077
467.512692 0.026320
469.212692 0.024730
470.912692 0.023287
472.612692 0.021974
474.312692 0.020775
476.012692 0.019679
477.712692 0.018674
479.412692 0.017750
481.112692 0.016899
482.812692 0.016113
484.512692 0.015386
486.212692 0.014711
487.912692 0.014085
489.612692 0.013501
491.312692 0.012957
493.012692 0.012449
494.712692 0.011973
496.412692 0.011527
498.112692 0.011108
499.812692 0.010715
501.512692 0.010344
503.212692 0.009994
504.912692 0.009664
506.612692 0.009352
508.312692 0.009056
510.012692 0.008776
511.712692 0.008510
513.412692 0.008257
515.112692 0.008017
533.812692 0.005994
556.252692 0.004497
583.180692 0.003376

