48.496085 0.001640
87.292953 0.002388
118.330448 0.003449
143.160443 0.004937
163.024440 0.006999
178.915637 0.009818
180.130937 0.010104
181.346237 0.010404
182.561537 0.010718
183.776837 0.011047
184.992137 0.011392
186.207437 0.011754
187.422737 0.012135
188.638037 0.012535
189.853337 0.012956
191.068637 0.013400
192.283937 0.013868
193.499237 0.014362
194.714537 0.014884
195.929837 0.015437
197.145137 0.016023
198.360437 0.016644
199.575737 0.017303
200.791037 0.018004
202.006337 0.018751
203.221637 0.019547
204.436937 0.020397
205.652237 0.021307
206.867537 0.022281
208.082837 0.023326
209.298137 0.024450
210.513437 0.025660
211.728737 0.026965
212.944037 0.028376
214.159337 0.029904
215.374637 0.031563
216.589937 0.033367
217.805237 0.035334
219.020537 0.037484
220.235837 0.039839
221.451137 0.042425
222.666437 0.045272
223.881737 0.048414
225.097037 0.051890
226.312337 0.055745
227.527637 0.060031
228.742937 0.064806
229.958237 0.070135
231.173537 0.076093
232.388837 0.082758
233.604137 0.090214
234.819437 0.098545
236.403925 0.110848
237.619225 0.121454
238.834525 0.133083
240.049825 0.145666
241.265125 0.159023
242.480425 0.172830
243.695725 0.186585
244.911025 0.199613
246.126325 0.211109
247.341625 0.220253
249.085340 0.227993
250.300640 0.229271
251.515940 0.227407
252.731240 0.223035
253.946540 0.217012
255.161840 0.210252
256.377140 0.203580
257.592440 0.197656
258.807740 0.192954
260.023040 0.189772
261.238340 0.188252
262.453640 0.188401
263.668940 0.190100
264.884240 0.193099
266.099540 0.197008
267.314840 0.201301
268.530140 0.205345
269.745440 0.208464
271.902535 0.209973
273.117835 0.208051
275.190342 0.200615
276.405642 0.194625
277.620942 0.188186
278.836242 0.181876
280.051542 0.176152
281.266842 0.171310
282.482142 0.167483
283.697442 0.164646
284.912742 0.162633
286.128042 0.161159
287.343342 0.159860
288.558642 0.158346
290.382935 0.154967
291.598235 0.151735
292.813535 0.147756
294.028835 0.143245
295.244135 0.138512
296.459435 0.133895
297.674735 0.129695
298.890035 0.126142
300.105335 0.123381
301.320635 0.121471
302.535935 0.120380
303.751235 0.119992
304.966535 0.120104
306.181835 0.120431
307.397135 0.120628
308.612435 0.120326
310.673952 0.117803
311.889252 0.114853
313.104552 0.110848
314.319852 0.105988
315.535152 0.100559
316.750452 0.094872
317.965752 0.089205
319.181052 0.083778
320.396352 0.078744
321.611652 0.074196
322.826952 0.070182
324.042252 0.066718
325.257552 0.063802
326.472852 0.061419
327.688152 0.059553
328.903452 0.058182
330.118752 0.057288
331.334052 0.056847
332.549352 0.056834
333.764652 0.057213
334.979952 0.057930
336.195252 0.058908
337.410552 0.060039
339.261504 0.061719
340.476804 0.062529
341.692104 0.062891
343.292387 0.062447
344.507687 0.061326
345.722987 0.059564
346.938287 0.057273
348.153587 0.054615
349.368887 0.051761
350.584187 0.048864
351.799487 0.046044
353.014787 0.043385
354.230087 0.040935
355.445387 0.038721
356.660687 0.036748
357.875987 0.035011
359.091287 0.033500
360.306587 0.032199
361.521887 0.031096
362.737187 0.030174
363.952487 0.029421
365.167787 0.028826
366.383087 0.028381
367.598387 0.028077
368.813687 0.027912
370.028987 0.027881
371.244287 0.027985
372.459587 0.028224
373.674887 0.028603
374.890187 0.029128
376.105487 0.029806
377.320787 0.030648
378.536087 0.031668
379.751387 0.032883
380.966687 0.034311
382.181987 0.035977
383.397287 0.037909
384.612587 0.040137
385.827887 0.042700
387.043187 0.045638
388.258487 0.048995
389.473787 0.052821
390.689087 0.057163
391.904387 0.062064
393.119687 0.067557
394.334987 0.073651
395.550287 0.080316
396.765587 0.087462
397.980887 0.094918
399.196187 0.102404
400.411487 0.109527
401.626787 0.115792
402.842087 0.120657
404.352622 0.124014
405.112692 0.124388
406.327992 0.123076
407.543292 0.119555
408.758592 0.114195
409.973892 0.107503
411.189192 0.100019
412.404492 0.092228
413.619792 0.084505
414.835092 0.077116
416.050392 0.070218
417.265692 0.063891
418.480992 0.058158
419.696292 0.053005
420.911592 0.048396
422.126892 0.044287
423.342192 0.040626
424.557492 0.037367
425.772792 0.034461
426.988092 0.031867
428.203392 0.029548
429.418692 0.027469
430.633992 0.025602
431.849292 0.023920
433.064592 0.022401
434.279892 0.021026
435.495192 0.019779
436.710492 0.018643
437.925792 0.017608
439.141092 0.016661
440.356392 0.015793
441.571692 0.014996
442.786992 0.014261
444.002292 0.013584
445.217592 0.012957
446.432892 0.012377
447.648192 0.011838
448.863492 0.011337
450.078792 0.010870
451.294092 0.010434
452.509392 0.010027
453.724692 0.009645
454.939992 0.009287
456.155292 0.008951
457.370592 0.008635
458.585892 0.008337
459.801192 0.008057
461.016492 0.007791
462.231792 0.007541
463.447092 0.007303
464.662392 0.007078
465.877692 0.006865
479.245992 0.005088
495.287952 0.003799
514.538304 0.002852
537.638727 0.002147
565.359233 0.001617
598.623842 0.001215

